"baseMean" "log2FoldChange" "lfcSE" "stat" "pvalue" "padj"
"TR10418|c0_g1_i2" 99.2689184600947 3.90102556999899 0.807820269392353 4.82907611730684 1.37167971831525e-06 0.000473463085959198
"TR10420|c0_g2_i1" 38.9648007584533 3.54148666848115 0.861278080501017 4.11189689910721 3.92421546453502e-05 0.00761401699918243
"TR10575|c0_g1_i1" 107.478137503231 -3.75903769608299 0.856245144747706 -4.39014191104184 1.13276710929445e-05 0.00268446080102374
"TR10582|c0_g1_i1" 82.6014585935418 -3.11245368383342 0.81326697440945 -3.8270995648059 0.000129662077566162 0.0201509251933043
"TR10657|c0_g1_i1" 28.3908317918275 3.34049823530964 0.864214734413415 3.86535672476933 0.000110926951533922 0.0178207047078957
"TR10929|c0_g1_i1" 43.3329920126906 -3.70741698561267 0.78398411867666 -4.72894398915972 2.25690629601444e-06 0.000698080169163663
"TR1130|c0_g1_i1" 25.4609321950379 -3.41442195084245 0.846586873716278 -4.03316193157366 5.5031329783768e-05 0.0100627057476204
"TR1135|c0_g2_i1" 67.0151996127385 4.46472953668402 0.797659403467611 5.59728816243475 2.17730644627621e-08 1.33225482042411e-05
"TR12632|c0_g1_i1" 115.583272883197 -2.94294912726149 0.820877430751186 -3.5851261309114 0.000336915336291347 0.0442716046103004
"TR13213|c0_g1_i1" 348.757011417002 3.58259214314852 0.822683290824199 4.35476468661388 1.33209935637595e-05 0.00309487687548637
"TR13235|c0_g2_i1" 94.9505147691869 5.22079503569446 0.805792078206423 6.47908458881253 9.22807612922766e-11 1.11282421342169e-07
"TR14342|c0_g1_i2" 23.1358430499096 3.35534221020252 0.862329128463595 3.8910226959174 9.9822594272665e-05 0.0164245234690397
"TR14402|c0_g1_i1" 75.5374109668436 3.12718199544667 0.852417172057742 3.66860511256199 0.000243877425150783 0.0339325552273892
"TR14718|c0_g1_i1" 37.5343264087952 3.55717417048748 0.860621285148378 4.13326306457108 3.57648970887353e-05 0.00702518443495369
"TR14950|c0_g1_i3" 13328.2265223133 -2.83526114821187 0.788882100240651 -3.59402393253309 0.00032560990884549 0.0432634298270339
"TR1496|c0_g1_i1" 79.5661157176769 -3.23840006140753 0.846850757152846 -3.82405050010842 0.000131277008080591 0.0203431662566883
"TR15736|c0_g2_i3" 90.1029683128671 -2.39238207342636 0.672502108434125 -3.55743430901185 0.000374494711547391 0.0480174800605454
"TR15928|c0_g1_i2" 70.0258342387423 4.70638087030716 0.795428693402624 5.91678538798313 3.28294603004017e-09 2.48219380510981e-06
"TR16283|c0_g1_i1" 40.9577703526755 4.14456482308785 0.840564048989699 4.93069484481205 8.19376440827213e-07 0.00030138816752234
"TR16587|c0_g1_i1" 136.861701405839 -3.04544120894135 0.808852621778659 -3.76513734015531 0.000166457562583172 0.0245859110304047
"TR16606|c0_g1_i2" 69.2633072985827 3.77469160968963 0.858882960587492 4.39488473156769 1.10831548550944e-05 0.00264626294130395
"TR17106|c0_g2_i1" 33.1930033375147 -3.44630883013687 0.849078354177594 -4.0588819785365 4.9308225140588e-05 0.00913900133165057
"TR17529|c0_g2_i1" 88.8793761376177 3.98400244410708 0.818980334122121 4.8645886575257 1.14695087799076e-06 0.000403197672669911
"TR18594|c0_g1_i1" 714.863007954996 3.0712404873663 0.831837519255521 3.69211584747344 0.000222396113702127 0.0312954365791145
"TR18623|c0_g1_i1" 44.4808461028527 -4.20435918837743 0.81269801617009 -5.17333511922527 2.29952043912755e-07 0.00010142056188628
"TR18630|c0_g1_i2" 65.9038548374926 4.49169868141926 0.833776117689015 5.38717598900402 7.15733440430701e-08 3.78809875941731e-05
"TR18761|c0_g1_i1" 54.0959054251707 3.04837169990089 0.752588852940312 4.05051401969497 5.11052474672751e-05 0.00939892588892837
"TR18789|c1_g1_i1" 19.5157832705495 -3.36973833194151 0.860423316788246 -3.91637263448407 8.98912711175369e-05 0.0150768868407648
"TR19091|c0_g1_i1" 1153.13944063573 4.79523043001727 0.666612611407745 7.19342890901923 6.31840583721217e-13 1.3085555845515e-09
"TR19180|c0_g1_i1" 947.91189858165 -3.3355635914209 0.853083529088352 -3.91000819695283 9.22929891481158e-05 0.0153983821316524
"TR19272|c0_g1_i1" 36.7926942216855 2.64881705428244 0.743506183250169 3.56260259020763 0.000367196338786105 0.0474006688443575
"TR19277|c0_g1_i2" 18.1352029050007 -3.30221035655495 0.86175340622114 -3.83196670035273 0.000127122948871923 0.0198534786396417
"TR19293|c0_g1_i2" 31.8056341020286 -4.10728570471858 0.837491871428907 -4.90426933662154 9.37757447518083e-07 0.0003372837975769
"TR19490|c0_g1_i1" 269.258842520175 2.62236886568786 0.645811950681412 4.06057655470905 4.89516828491435e-05 0.00910835931638545
"TR20172|c0_g1_i3" 31.7442557158806 4.0264856621543 0.841106057223506 4.78713192893384 1.69181626632654e-06 0.000555773311186657
"TR20253|c0_g1_i9" 60.07896456809 -3.60967048375109 0.862231909620038 -4.18642646308668 2.83380686377495e-05 0.00588166184076793
"TR20331|c0_g1_i1" 302.525678356626 -5.11616785093044 0.80320425273648 -6.36969716420188 1.89401798098529e-10 2.07894222203491e-07
"TR20645|c0_g1_i3" 48.576330878409 4.52208857364812 0.82578519126473 5.47610761428444 4.34783336343623e-08 2.45091740257089e-05
"TR20837|c0_g1_i2" 17.7990058008095 -3.08535198523928 0.867284224736999 -3.5574865738794 0.00037442023189779 0.0480174800605454
"TR20893|c0_g1_i1" 18.6808518047877 -3.32242497301713 0.861423068822157 -3.85690271513155 0.000114832838247512 0.0182939464905112
"TR21000|c0_g1_i5" 17.1792830832462 3.21857587695207 0.863548218758823 3.72715247051071 0.000193655316579806 0.0277011427096222
"TR21125|c0_g1_i1" 258.370178068006 3.49939526505923 0.810559495830539 4.31725898352912 1.57978759439315e-05 0.00357486044548817
"TR21236|c0_g1_i4" 44.4208474509973 4.56778544805365 0.820783723539915 5.56515110747261 2.61925339434205e-08 1.54986591999245e-05
"TR21272|c0_g1_i1" 736.584428999005 3.62144575929937 0.575448132747374 6.29326181320535 3.10863360691721e-10 3.25439777835365e-07
"TR21398|c0_g1_i2" 22.6840464324874 3.57910016675517 0.854665799837619 4.18771895100421 2.81772141090353e-05 0.00586104510158398
"TR21627|c0_g4_i1" 34.2519679574422 4.0805204564715 0.840122797020216 4.8570524106053 1.19146065716756e-06 0.000417304714802876
"TR21826|c0_g1_i1" 44.2880627064278 -4.45703852019854 0.827272560615534 -5.38763006581806 7.13928080557147e-08 3.78809875941731e-05
"TR21974|c0_g1_i3" 50.8840306222174 4.39659502598313 0.833176418748506 5.27690765970928 1.31382046573233e-07 6.33820897883342e-05
"TR22143|c0_g1_i2" 16.6513344999647 -3.17984484303696 0.864520579427132 -3.67815980175285 0.000234922764317227 0.0328158166982541
"TR22171|c0_g2_i1" 73.4279748194926 4.51934594887868 0.811228055515101 5.57099316049796 2.53291272922246e-08 1.50814373109273e-05
"TR22856|c0_g1_i1" 59.7851426591153 -4.970321497264 0.806334477334158 -6.1640939795809 7.08878349622787e-10 6.49353016668405e-07
"TR23021|c0_g1_i6" 18.1849931598388 -3.2463497716379 0.863466905027807 -3.75966901885297 0.000170138300130181 0.0249746771009275
"TR23186|c0_g1_i1" 128.826907140294 3.805631788642 0.770652785946503 4.93819247531557 7.88499989074395e-07 0.000292288048479184
"TR23312|c0_g1_i3" 35.5615934631505 -3.86546921243252 0.826619149091569 -4.67623961612861 2.92183181638886e-06 0.000859117752012092
"TR23360|c0_g1_i2" 36.8057639335451 -4.16379727467139 0.837947407105168 -4.96904368861995 6.72839104365122e-07 0.000262702307194885
"TR23360|c0_g1_i8" 291.741775774669 -6.49942594469183 0.769416154085123 -8.44721794595019 2.98326490347892e-17 1.77629185974829e-13
"TR23515|c0_g1_i1" 91.7450405666218 3.16007683698043 0.658889592947418 4.79606427359768 1.61813379404851e-06 0.000542798423090208
"TR23594|c0_g1_i3" 36.8114518209196 4.03277658413196 0.843654380469116 4.78012877961889 1.75182944543397e-06 0.00057154635540465
"TR23597|c0_g1_i2" 178.794017516678 3.58586936416178 0.811460429789482 4.41903170200433 9.91441049362998e-06 0.00242183626794012
"TR23663|c0_g1_i10" 47.5279561746341 3.24245422015915 0.810943475329386 3.99837265950274 6.37794789030358e-05 0.011464301163501
"TR23663|c0_g1_i9" 191.775097834234 3.70454255356335 0.830486265376821 4.46069093253754 8.16958372349828e-06 0.00208099393739709
"TR23837|c0_g2_i2" 21.3292655333441 -3.19564160219814 0.865913250490195 -3.69048700939624 0.000223825119746652 0.0314500703287674
"TR24124|c1_g1_i2" 51.6762530001165 4.39687295158555 0.811405071486757 5.41883839045897 5.9987511055687e-08 3.30337006690296e-05
"TR24222|c0_g2_i1" 41.3701161511941 -3.99854212503902 0.847224730529922 -4.71957673206495 2.36335886127449e-06 0.000723251573115316
"TR24230|c0_g1_i1" 36.4066100816508 -4.23699731037604 0.834036306334065 -5.08011135510324 3.77213691910658e-07 0.00015761410871602
"TR24275|c0_g1_i3" 17.0970432025446 3.13336963120733 0.865752756655247 3.61924303113143 0.000295466051797668 0.0399884110192076
"TR24296|c0_g1_i1" 594.230596820723 3.25975518158345 0.807531598277629 4.03669056237072 5.42104947605006e-05 0.00993167539297809
"TR24296|c0_g1_i2" 645.924441223238 2.69514641561966 0.656520027283713 4.10520060868602 4.03964162875916e-05 0.0077903752843522
"TR24296|c0_g1_i3" 143.812667711623 3.8051899504678 0.705498055839129 5.39362216376608 6.90513406713097e-08 3.69568206277172e-05
"TR24612|c2_g1_i1" 27.7076095562358 3.52452432656811 0.836857337676594 4.211619075186 2.53546842236477e-05 0.005332151659899
"TR24631|c0_g1_i1" 239.534725157877 2.94956678386649 0.721283078227786 4.08933312440057 4.32615174400201e-05 0.00822633728933811
"TR24716|c2_g1_i1" 60.0861030628956 3.74796877332645 0.751714649195592 4.98589295464329 6.16762871066982e-07 0.000244248390543563
"TR24716|c2_g1_i3" 182.229733331252 6.33068224490593 0.761066325919882 8.31817415815131 8.93286897820675e-17 4.72782016081568e-13
"TR24793|c0_g1_i1" 30.8805810896447 -4.01490633052193 0.841447440054804 -4.77142854015984 1.82923879976248e-06 0.000586754520999907
"TR24867|c0_g1_i4" 50.6834284099003 -2.50449682562772 0.69335865756021 -3.61212310298475 0.000303700324486979 0.0408652808091822
"TR24971|c0_g1_i2" 95.9707980786836 -3.59724413444453 0.864167240675323 -4.16267125751421 3.14546064914904e-05 0.00636215249026986
"TR24988|c0_g1_i4" 41.3303820546147 4.47025686545325 0.824300855805895 5.42308895346568 5.85778229829727e-08 3.24449619890631e-05
"TR25018|c0_g1_i2" 34.5210556133922 3.50087944697935 0.845772492642349 4.13926851184525 3.48414966242144e-05 0.00688640012219716
"TR25032|c0_g1_i4" 28.0131556123239 3.51114574643428 0.859439483142276 4.08539032160456 4.40027825181612e-05 0.00833402203212259
"TR25124|c0_g1_i1" 439.109943488093 2.8640427694696 0.581957762887894 4.92139284345506 8.59304474825948e-07 0.00031485907462786
"TR25124|c0_g1_i2" 234.110768659264 3.20282733063706 0.580492323437738 5.51743270551722 3.4398773696676e-08 1.98610180227953e-05
"TR25164|c0_g1_i5" 45.4391583376749 4.59026043875637 0.820149770985631 5.59685633178916 2.18273438235409e-08 1.33225482042411e-05
"TR25266|c1_g1_i4" 25.350128505015 3.77467079148066 0.848387615384215 4.44922901163663 8.61790876461198e-06 0.00216111181598513
"TR25348|c0_g1_i3" 1063.39647214757 -2.56679281539459 0.613208809203176 -4.1858381302936 2.84115774375604e-05 0.00588409945161753
"TR25414|c0_g1_i3" 19.9550183300425 3.29810542777628 0.862647384760611 3.82323703292918 0.000131711051275234 0.0203696700029833
"TR25439|c0_g1_i1" 211.891493415406 -6.03784549223299 0.784886726528653 -7.69263294709643 1.44137580046073e-14 4.16107722371189e-11
"TR25622|c1_g3_i2" 21.0362754375586 -3.52399570295907 0.855923986240187 -4.11718302046763 3.83531495329729e-05 0.00745671325828108
"TR25640|c0_g1_i2" 57.705003286265 -3.8873301699807 0.854715064416954 -4.54810068503058 5.41322376277397e-06 0.00149046701794274
"TR25745|c1_g1_i4" 20.3976292745277 -3.34774394925713 0.861520496147394 -3.88585525733607 0.000101970252228664 0.0166342466079934
"TR25747|c0_g1_i1" 203.699367693166 -5.67583232368621 0.718095011731493 -7.90401302189868 2.70064795897468e-15 9.72632894017392e-12
"TR25747|c0_g1_i2" 148.654844068315 -3.6932575513638 0.860322678923306 -4.29287480365613 1.76374468453888e-05 0.00391314008000642
"TR25765|c0_g1_i2" 28.610138140365 3.94101851407234 0.843071691508309 4.67459476313527 2.94534613698805e-06 0.000863367047484432
"TR25918|c0_g4_i1" 1531.18084566259 -3.19853548245011 0.723001526249707 -4.42396781517363 9.69044629910049e-06 0.00237321271870542
"TR25924|c0_g1_i1" 31.4233542728101 -3.58900325109507 0.858322136724789 -4.18141755587255 2.89697294364424e-05 0.00597372124290381
"TR26000|c0_g1_i2" 769.856379005269 -3.42767032057799 0.730695811745693 -4.69096752092913 2.71916137818238e-06 0.000812057514154547
"TR26003|c0_g3_i1" 169.203603625141 3.4887639086276 0.84448572362683 4.13122899655939 3.60828906333202e-05 0.00705853951122077
"TR26047|c0_g2_i1" 59.8020065339302 3.08328340951429 0.809684196932794 3.80800739497478 0.00014009108478706 0.0214566838816863
"TR26058|c1_g1_i1" 83.8551599819079 4.30639747586709 0.769571171755929 5.5958404289511 2.19555572030803e-08 1.33225482042411e-05
"TR26100|c0_g1_i2" 23.4475182342773 3.55418590248128 0.85601119829815 4.15203201727666 3.29536143791874e-05 0.0065953613047522
"TR26249|c0_g1_i1" 110.158229879229 3.85018707737612 0.771776815957768 4.98873119503865 6.07771452467688e-07 0.00024327967631193
"TR26274|c0_g1_i1" 664.833120048558 3.82221947175668 0.72562377052102 5.26749484655418 1.38298042385605e-07 6.62072341907005e-05
"TR26318|c1_g2_i3" 23.2860934380927 3.63503362577143 0.85283274604193 4.26230540823149 2.02328662620849e-05 0.00441081114459964
"TR26379|c0_g1_i2" 23.6411409927012 3.1623936025926 0.812730571780594 3.89107253054869 9.98020917422514e-05 0.0164245234690397
"TR26398|c0_g1_i4" 79.9432796225065 -5.33251827752597 0.793732306376083 -6.71828302147921 1.83878288442675e-11 2.78056077858227e-08
"TR26539|c0_g1_i1" 58.0741166226186 -3.38968015291969 0.866524500070076 -3.91181109437248 9.16065558477849e-05 0.0153106697472823
"TR26571|c0_g1_i1" 65.6639293764057 4.53059148787426 0.753788542331846 6.01042763778137 1.85034586686134e-09 1.50664016836136e-06
"TR26628|c0_g1_i2" 40.1841887935994 4.05211844270093 0.816434806389356 4.96318678599854 6.93458324385246e-07 0.000267464348944167
"TR26628|c0_g1_i3" 173.708624504437 -3.12249078909398 0.750204161855008 -4.16218803875079 3.15212610390521e-05 0.00636215249026986
"TR26669|c1_g1_i1" 61.1443532878147 4.07745246163611 0.809745964689558 5.03547117175117 4.76674866888421e-07 0.000196586080276447
"TR26669|c1_g3_i1" 70.9298055403673 3.79774671670087 0.733232359532714 5.17945869045 2.22530682573133e-07 9.86038629613707e-05
"TR26672|c0_g1_i4" 31.2731516951065 -4.02524819941728 0.841214015771823 -4.78504652080015 1.70947733530483e-06 0.000559645282826408
"TR26986|c0_g2_i1" 127.626092482066 -3.63339993608006 0.81060000049824 -4.48235866499724 7.3822533888783e-06 0.00191110090651703
"TR27165|c0_g1_i1" 49.1659865723489 -4.40498049215547 0.832303025618091 -5.29252009973677 1.20642205262408e-07 5.95898084038799e-05
"TR27168|c0_g2_i2" 111.910211695003 5.16233508809741 0.736763259002672 7.00677595552941 2.43872306479649e-12 4.4678813502686e-09
"TR27570|c0_g1_i2" 105.578457564915 -3.86506863696947 0.847168047596546 -4.56233996069002 5.0586650358406e-06 0.00140094140107391
"TR27719|c0_g1_i5" 161.197558502706 5.93713873259501 0.781318796285257 7.59886842710409 2.98731308507827e-14 7.69168528854463e-11
"TR27755|c0_g1_i4" 17.1171526293729 -3.22063130446222 0.863618842519285 -3.72922769385998 0.000192067540440559 0.0275567746613715
"TR27937|c0_g1_i1" 145.106334287098 -4.81327141855653 0.807074149601267 -5.96385278965323 2.46358707779391e-09 1.95582125116827e-06
"TR27937|c0_g1_i2" 66.0417897571038 -3.45800619130562 0.84786930331507 -4.07846607700646 4.53338154286285e-05 0.00853521066094695
"TR27996|c0_g1_i6" 28.9766399118671 3.46611658766685 0.861072265945297 4.0253492357714 5.68908201813142e-05 0.010315272103368
"TR28003|c0_g1_i2" 99.6795864557638 4.03612780860794 0.854124740482095 4.72545474602436 2.29600963852493e-06 0.000707876861596617
"TR28140|c0_g1_i3" 39.1451453568294 -4.12597847434812 0.840841952744154 -4.90696076817132 9.24985261075946e-07 0.000336338056743978
"TR28223|c0_g1_i1" 494.725238721201 -2.03854913281661 0.560952660799815 -3.6340840774514 0.00027896988685532 0.0380753928525012
"TR28223|c0_g1_i4" 153.118648752627 -2.48938607081323 0.645327695599191 -3.85755343802781 0.000114527645405157 0.0182758880985143
"TR28513|c0_g1_i4" 49.2078006899272 4.20484266009811 0.84112568384526 4.99906582435505 5.76087354970794e-07 0.000232551330703401
"TR28517|c0_g2_i1" 25.4130745349322 3.78302818091422 0.848062690685752 4.46078836206699 8.16587015165235e-06 0.00208099393739709
"TR28636|c0_g1_i1" 79.8327796055979 -2.89450370018698 0.761369926072323 -3.80170479692946 0.000143703885213951 0.021904380852284
"TR28679|c0_g1_i1" 165.071152104594 2.94157610390294 0.703612113014222 4.18067860045992 2.90640425620402e-05 0.00597761407936161
"TR28679|c0_g1_i6" 662.807831993962 4.19078455341435 0.693660194079078 6.04155260628462 1.52638223168505e-09 1.29833800058875e-06
"TR28686|c0_g1_i2" 36.9555922786655 3.27537057435033 0.866926185854997 3.77814239296514 0.000158002533329882 0.0236673385892105
"TR28715|c0_g1_i3" 129.86724260686 -5.94480935086548 0.772742495528057 -7.69313113394012 1.43577223310869e-14 4.16107722371189e-11
"TR28790|c0_g1_i1" 17.6828513225842 3.22349044201798 0.863656518349187 3.73237551449207 0.000189682444605874 0.0272967937315223
"TR28825|c0_g1_i2" 223.018505383933 3.68313703171478 0.773742672403925 4.76015756022828 1.93441885638278e-06 0.00061037335655155
"TR28825|c1_g1_i2" 980.369297432089 2.92662984040782 0.740412326300135 3.95270275284622 7.72734047366711e-05 0.0133121255859827
"TR28850|c1_g1_i4" 22.1967170787151 3.59418034461081 0.853749061922944 4.20987911426274 2.55507362376297e-05 0.00535079948582201
"TR28935|c1_g1_i3" 260.767817144726 -3.43866328178498 0.868004231192626 -3.96157433133742 7.44571947178656e-05 0.0129440028634797
"TR29027|c0_g2_i1" 275.399271050343 -3.61120500165711 0.631087068795949 -5.72219774451555 1.05154812772765e-08 6.86149558111167e-06
"TR29188|c0_g3_i2" 15.6299906636634 3.07091688567373 0.866622678822778 3.54354549069183 0.000394785195815445 0.0499674114673303
"TR29199|c0_g1_i2" 34.1873907205294 -3.92536918656873 0.847291163861268 -4.63284565447381 3.60673439348591e-06 0.00105077298307101
"TR29354|c0_g1_i6" 25.244680811719 -3.61911664771382 0.854888510882637 -4.2334369939973 2.30146681569764e-05 0.00492705256474309
"TR29359|c0_g1_i3" 17.0889237597617 3.21578635303969 0.863575101312972 3.72380624238753 0.00019624155764566 0.0280290022072401
"TR29445|c0_g1_i1" 74.9620677170982 -4.86775734011713 0.818862211161636 -5.94453776687501 2.77238047486635e-09 2.13075142495186e-06
"TR29469|c3_g1_i5" 514.376272165888 1.95209816081194 0.546945276295927 3.56909227561506 0.00035822024692088 0.0465573919009706
"TR29505|c3_g1_i1" 36.105880769325 3.69299151123769 0.836328786315872 4.4157173251273 1.00675575354784e-05 0.00243706560575129
"TR29557|c0_g1_i2" 157.66883345176 2.67627995543164 0.685452527476708 3.90439869743217 9.44599480250734e-05 0.0157323703994837
"TR29581|c0_g1_i3" 63.3351521309474 -5.0330411637514 0.804381412752579 -6.25703314865074 3.92370038158369e-10 3.85359963146735e-07
"TR29636|c0_g1_i1" 27.1447934326156 -3.36903680313446 0.850652801720212 -3.96053101373617 7.47832791595406e-05 0.0129770103018068
"TR29636|c0_g1_i11" 62.4607211865908 -4.46733540146359 0.834140453105828 -5.35561533412026 8.52657365859556e-08 4.39081671747796e-05
"TR29668|c0_g1_i4" 25.8486322667887 3.20137603824881 0.866786877594256 3.69338313834901 0.000221290227710118 0.0311858818391417
"TR29681|c0_g1_i3" 103.988094267967 2.69709498585991 0.678573030552019 3.97465691152774 7.0480782822296e-05 0.0123883629836378
"TR29681|c0_g1_i5" 44.906167292424 3.10871721846102 0.869934330731449 3.57350791737024 0.000352230588010365 0.0460933398736037
"TR29797|c0_g2_i7" 41.2215771998688 -3.08774355133892 0.870062230730341 -3.54887666914013 0.000386878235424095 0.0492079156931205
"TR29830|c0_g1_i1" 65.2550144911414 -4.72094254257053 0.797576828380669 -5.91910694315873 3.23694443776089e-09 2.46699188601733e-06
"TR29830|c1_g1_i2" 20.497209784204 -3.41653915210362 0.859438781307823 -3.97531415431895 7.02864129903159e-05 0.0123883629836378
"TR29851|c0_g1_i3" 24.607960066355 3.2343687112884 0.865791715041231 3.73573534500081 0.00018716743765618 0.0270164852775626
"TR29949|c0_g1_i6" 70.4273785758808 -2.5959488631555 0.671429650266217 -3.86630060517319 0.000110498726739714 0.0177818956086358
"TR29957|c0_g2_i1" 76.3098124694489 -2.88445743510788 0.800890005685092 -3.60156502719806 0.000316307280104041 0.0423387192446863
"TR29971|c0_g1_i2" 55.3756985700495 3.61649147392805 0.742814189449172 4.86863542093862 1.12371504255884e-06 0.000396492447997974
"TR29987|c0_g2_i7" 70.2400569118732 4.0717681937877 0.850492324097876 4.78754255437479 1.68835945490139e-06 0.000555773311186657
"TR30016|c0_g1_i3" 17.2768141701306 -3.23816739938874 0.863210429183007 -3.75130708563558 0.000175915080474137 0.0256644746884068
"TR30044|c1_g1_i1" 26.6026357213487 -3.11561466888132 0.868548059972955 -3.58715287324265 0.000334308343334751 0.0440505573229208
"TR30091|c0_g1_i2" 106.844499036499 3.67470404578894 0.836476719632255 4.39307390097416 1.11759115816314e-05 0.00266173892161821
"TR30137|c0_g1_i6" 42.7761312303659 4.1150039418515 0.842670157967922 4.8832914076069 1.04329508941134e-06 0.00037225315836311
"TR30144|c1_g2_i9" 29.6802206489583 3.74169349388763 0.852171077743387 4.39077738216123 1.1294613115118e-05 0.0026833015153066
"TR30216|c1_g1_i3" 103.256811548835 -3.9435165362855 0.856852988022647 -4.60232570978824 4.17799150713768e-06 0.00119526942015161
"TR30231|c1_g2_i8" 99.1714439534596 -3.435587171153 0.86699496754186 -3.96263796189466 7.41261460327109e-05 0.0129306936223324
"TR30262|c0_g1_i1" 34.1244339728263 -4.20902512716713 0.833917702650397 -5.04729077436514 4.48119078652459e-07 0.000186423407275039
"TR30285|c1_g2_i1" 56.695404678262 4.46229162925628 0.832268740272836 5.36159946100275 8.24882834192531e-08 4.27087570462065e-05
"TR30285|c1_g2_i8" 30.6162916549343 3.61545741889611 0.857026787484549 4.21860491608181 2.4581858086907e-05 0.00520408860970082
"TR30310|c0_g1_i1" 1574.15574032043 -2.62892583606919 0.709725341939446 -3.70414536542432 0.000212104608434367 0.02998007378593
"TR30345|c0_g1_i4" 41.8065370003856 4.4266284972778 0.827023183605857 5.35248416855439 8.67548954765549e-08 4.44348313299191e-05
"TR30352|c1_g1_i5" 34.4510404372764 2.93688135031743 0.775635005738122 3.78642187187335 0.00015283211862978 0.0230377491226317
"TR30388|c0_g1_i3" 29.855874818363 3.85479666424684 0.847747975910239 4.54710217397793 5.43895975750375e-06 0.00149323740408677
"TR30471|c0_g2_i9" 26.4831570435255 3.71803785499746 0.851447313447349 4.36672686175241 1.26122283186324e-05 0.00294492440007636
"TR30502|c0_g1_i4" 33.6716095588129 3.27505433059138 0.790338048775518 4.1438651924521 3.41500542132584e-05 0.00680047737569147
"TR30503|c0_g2_i1" 51.1002531470704 -2.94930308171668 0.732730048988359 -4.02508821057444 5.69539622993438e-05 0.010315272103368
"TR30519|c0_g1_i2" 91.4742537505179 5.24113864499792 0.803535160192151 6.52260026026067 6.90988430063608e-11 8.85413626616389e-08
"TR30526|c0_g1_i10" 22.7551119051875 3.6284925878586 0.852751363116523 4.2550416742785 2.09010082630642e-05 0.00453570923507366
"TR30526|c0_g1_i5" 28.7228462798524 3.2722260175065 0.865859924977844 3.77916326083602 0.000157356232996486 0.0236076476360256
"TR30558|c0_g1_i6" 29.8447004103615 4.01626169365581 0.840330495370943 4.77938348754431 1.75833532470719e-06 0.000571711028596858
"TR30721|c0_g1_i12" 58.3158009662296 3.14188019287005 0.861044037291248 3.64891928495791 0.000263345821953962 0.0360980811799829
"TR30721|c0_g1_i4" 208.162579232004 2.33244831538023 0.622426724103164 3.74734603296634 0.000178715467003788 0.0259934143435876
"TR30768|c1_g1_i1" 25.947111033056 3.40355725496949 0.861947536517347 3.9486826178788 7.85824563192079e-05 0.0134163348855949
"TR30836|c1_g1_i2" 26.3329066553424 3.75337603566093 0.849951209236632 4.41598999433386 1.00548735327161e-05 0.00243706560575129
"TR30989|c0_g1_i2" 97.1711353509882 -4.90451458207895 0.822736278751023 -5.96122318748892 2.50356739939552e-09 1.97113516891085e-06
"TR31020|c0_g1_i2" 107.255699346965 -2.47216545136178 0.637492794089737 -3.87795042435222 0.000105340175803713 0.017096154221963
"TR31020|c0_g1_i3" 72.3792962652718 3.33617070641422 0.857816017994769 3.88914480078473 0.000100598085784137 0.0164951425789972
"TR31020|c0_g1_i7" 26.7849227180255 -3.40566653943588 0.862334182520618 -3.94935815889967 7.83610284095657e-05 0.0134025495394867
"TR31212|c0_g1_i1" 465.259554338486 -3.35289965742586 0.86889972041029 -3.85878781943058 0.00011395081416664 0.0182442931632532
"TR31229|c0_g1_i3" 606.162535718305 -2.96232166210647 0.778319834635899 -3.80604673076622 0.000141205714057442 0.0215926882200808
"TR31317|c0_g1_i1" 31.6788887934332 -3.81345696720127 0.850639440471523 -4.48304744144877 7.3584561933938e-06 0.00191013091601103
"TR31321|c0_g1_i2" 45.5999348910302 -3.08374857006805 0.870270435292798 -3.54343712599008 0.000394947472208631 0.0499674114673303
"TR31408|c1_g1_i3" 38.1806906462717 3.717449364941 0.825785355791602 4.5017138398845 6.74076985492111e-06 0.00178381367157992
"TR31408|c1_g2_i14" 131.717162363429 3.37139470097614 0.679971175967628 4.95814355097993 7.11699702059517e-07 0.000270853953396771
"TR31408|c1_g2_i15" 41.6461960527586 3.27088756978827 0.847553017897146 3.85921293502515 0.000113752791164891 0.0182439177708849
"TR31434|c0_g3_i1" 30.5283417759669 -3.6937125547856 0.854524091895952 -4.32253764383667 1.54244755350862e-05 0.00350702508544404
"TR31453|c1_g2_i3" 93.875839263987 3.17566264479668 0.827567190396308 3.83734720473381 0.000124370569933084 0.0195265267932628
"TR31477|c1_g1_i2" 68.0308359343321 4.40125919919568 0.838138205854545 5.25123323152685 1.510842277517e-07 7.16086623145332e-05
"TR31530|c0_g1_i4" 88.703664374686 3.71464191235022 0.86145566536714 4.31205233384481 1.61746135617588e-05 0.00364843069554463
"TR31543|c0_g1_i17" 266.84389729929 -3.99204395631194 0.710339465995901 -5.61991012383785 1.91056822927383e-08 1.1974612072252e-05
"TR31543|c0_g1_i2" 148.905546325001 -3.54075711322174 0.827127357254678 -4.28078829960828 1.86232454300698e-05 0.00411642859022381
"TR31543|c0_g1_i20" 130.485143281641 -3.78850183468174 0.857960223650657 -4.41570801331733 1.00679909711972e-05 0.00243706560575129
"TR31543|c0_g1_i21" 122.561764241264 -3.76285039434505 0.770339226598837 -4.88466673436662 1.03603939519414e-06 0.000371054003992331
"TR31543|c0_g1_i29" 94.3526107489168 -3.20425398527805 0.82456372989155 -3.88599918856422 0.000101909846475546 0.0166342466079934
"TR31543|c0_g1_i3" 279.243018012375 -2.64345699103953 0.645890663804311 -4.09273138501415 4.26321482454771e-05 0.00817190516479249
"TR31543|c0_g1_i31" 35.0396181737623 -3.23568482963689 0.848901562907491 -3.81161370295357 0.000138062521973339 0.0212484689512667
"TR31543|c0_g1_i4" 117.635474571405 -3.58838123350217 0.828575712210553 -4.33078254723246 1.48580357151643e-05 0.00339443762224594
"TR31543|c0_g1_i5" 232.868995444724 -3.70042137463308 0.754530051412684 -4.90427302094184 9.37739848073141e-07 0.0003372837975769
"TR31543|c0_g1_i6" 77.0198208095076 -3.28257484893228 0.848871813354294 -3.86698532957677 0.000110189053800094 0.0177620652933562
"TR31543|c0_g1_i8" 193.839066898584 -3.80669128896066 0.793317358719272 -4.79844698609162 1.59900617783634e-06 0.000538277461285987
"TR31604|c0_g1_i3" 85.7546576938999 3.85564367230082 0.852484789406464 4.52282987358083 6.10182838577357e-06 0.00163287327198733
"TR31685|c0_g1_i8" 17.5228897276997 -3.10899962050593 0.866672348897682 -3.58728373468966 0.000334140667013517 0.0440505573229208
"TR31746|c1_g1_i7" 99.6369797295038 5.45459213588786 0.793669945205166 6.87262024830464 6.30332060527326e-12 1.05350604228521e-08
"TR31767|c2_g1_i2" 197.335479113249 -5.51139007106051 0.773343050659099 -7.12670795497975 1.02797881830851e-12 2.04025954341244e-09
"TR31767|c2_g1_i4" 108.002467171323 -3.3076853035366 0.669509063908503 -4.94046381422648 7.79369562096278e-07 0.000290032031532133
"TR31811|c0_g1_i4" 50.3296548204363 3.11141803328787 0.87008464363448 3.5759946529926 0.000348898782204141 0.0457831133391762
"TR31821|c1_g1_i6" 48.5296237340575 4.65726956977907 0.818205966877195 5.69205036178632 1.25522815447312e-08 8.02562554310007e-06
"TR31822|c0_g1_i2" 445.637621762829 5.50982590908979 0.698135143886668 7.89220533780238 2.96892704140761e-15 1.01014561590635e-11
"TR31822|c0_g1_i4" 1593.64025260118 7.54157748457782 0.619350543353392 12.1765897608565 4.14243217128149e-34 3.94637085661473e-29
"TR31822|c0_g1_i5" 206.343290053925 6.42723231370003 0.760080890733938 8.45598460907741 2.76742112005471e-17 1.75762605229501e-13
"TR31822|c0_g1_i7" 789.26626881648 3.01822532804569 0.849989180186022 3.55089852718495 0.000383918405420528 0.0489289330916447
"TR31822|c0_g1_i8" 390.10033303476 6.14468227708937 0.741556484986235 8.28619586167254 1.1692817016931e-16 5.62416335496175e-13
"TR31832|c3_g1_i3" 41.906306087927 -4.46438806049808 0.825334265364176 -5.40918782589037 6.33112040664738e-08 3.44655341588615e-05
"TR31851|c0_g1_i12" 296.893704372723 2.75094667180725 0.750629577351093 3.66485248491686 0.000247481184220445 0.034290789499666
"TR31958|c1_g1_i5" 18.9255330353636 3.25352056119503 0.863410282830334 3.76822077046582 0.000164415263219367 0.0243607722471242
"TR31997|c0_g1_i12" 4131.58329651039 -2.92243792216012 0.773121557811152 -3.7800497122782 0.000156797049256079 0.0235608588193673
"TR32023|c0_g1_i2" 39.148021073451 -4.35136808224081 0.829789219024661 -5.24394386246116 1.57180040932207e-07 7.37638963521605e-05
"TR32073|c0_g1_i11" 59.5780299637776 3.3321816767885 0.864046029290697 3.85648630261505 0.000115028540455003 0.0182945308239178
"TR32081|c0_g2_i4" 32.9936366946573 -3.77952491144394 0.852395568646953 -4.43400347264047 9.2499134985645e-06 0.0022888610630331
"TR32105|c2_g1_i9" 24.378524762689 3.55700208751624 0.856443852016732 4.15322274675719 3.27825347345485e-05 0.00657493418222364
"TR32132|c0_g1_i1" 58.8518085810144 4.94577455234563 0.806950969177387 6.12896537863681 8.84523693135405e-10 7.95531825696691e-07
"TR32134|c0_g4_i2" 41.4976932729786 -3.19767411737103 0.868655806786091 -3.68117508959273 0.000232161502607736 0.0324777237429239
"TR32160|c0_g1_i8" 18.8737614134478 3.25578476422479 0.863351584487853 3.77109954127917 0.000162529819770418 0.0242730927094493
"TR32186|c0_g1_i2" 69.3832931208224 2.85658935399103 0.766263762255661 3.72794525162204 0.000193047300599104 0.0276556950168043
"TR32225|c1_g1_i2" 24.6895729488778 -3.19406717861476 0.866784496152689 -3.68496113254443 0.000228737543644959 0.0320929890580624
"TR32247|c0_g1_i4" 68.8156063609353 -2.51807859837784 0.710302427607512 -3.54507953303694 0.000392494637082249 0.0498557154545529
"TR32255|c1_g1_i2" 29.9898863209803 3.99292205819599 0.841580580508102 4.74455108717608 2.08969237588172e-06 0.000650584063964458
"TR32261|c0_g1_i1" 51.5469113776605 -3.75580133571272 0.857658518263154 -4.37913371783282 1.19152007209733e-05 0.00280277883230856
"TR32308|c0_g1_i4" 36.1701448839419 3.78866512594012 0.837395775445857 4.52434229671497 6.05836066486057e-06 0.00163040069338777
"TR32327|c1_g1_i6" 23.2987018070857 -3.59638708358721 0.854575549009938 -4.20838986998139 2.57196828836912e-05 0.00537332681859782
"TR32329|c0_g1_i6" 32.3449582618785 3.6006970561829 0.82574858725668 4.36052463395089 1.29750973008487e-05 0.00302224595246931
"TR32339|c0_g1_i7" 32.8697671026836 -3.45467730584724 0.862548730063445 -4.00519667519901 6.19659023227908e-05 0.0111593678952463
"TR32365|c0_g1_i3" 194.442611765761 -3.17506807519305 0.870606945299158 -3.64695927632651 0.000265361960912647 0.036322180934289
"TR32437|c2_g1_i4" 48.6504705141701 4.27656915099426 0.809151232199036 5.28525321449712 1.2553099744591e-07 6.10151098657119e-05
"TR32537|c2_g5_i15" 19.3062641800857 3.27360223186947 0.863049810565716 3.79306291687113 0.000148800434836202 0.0225728837986313
"TR32544|c0_g3_i8" 23.4038660551444 3.67054836462748 0.851474643052796 4.3108134746884 1.62655066905128e-05 0.00365463685350255
"TR32601|c0_g1_i5" 188.256313317742 6.14401038926783 0.774379791995971 7.93410475424673 2.12019089608016e-15 8.07936904387476e-12
"TR32648|c0_g1_i6" 54.4181731932394 4.01102280479971 0.849951163083732 4.71912149663659 2.36865326725916e-06 0.000723251573115316
"TR32651|c0_g1_i11" 25.4973396157205 -3.10325733306828 0.868628997121137 -3.57259237643837 0.000353464735518775 0.0461281163817358
"TR32653|c0_g1_i3" 37.2621230998991 -3.98150410925192 0.846242104116801 -4.70492320091695 2.53961537267555e-06 0.000768068373678354
"TR32686|c0_g2_i5" 27.1182441055951 -3.39605323831478 0.862623948084717 -3.93688726803265 8.25453602248322e-05 0.0140425872009627
"TR32709|c0_g1_i3" 59.3187882781569 -3.0117642197689 0.776490847191913 -3.87868605362263 0.000105022187581618 0.0170736326695188
"TR32803|c0_g1_i1" 127.282961340522 5.64269196673694 0.763540345653134 7.39016870406523 1.4664263589373e-13 3.32623904611618e-10
"TR32909|c0_g1_i8" 238.564664775049 6.37038978638776 0.769415077498433 8.2795229424143 1.23669707346195e-16 5.62416335496175e-13
"TR32921|c1_g2_i6" 31.4731777454272 3.89731317286511 0.846771897547246 4.6025537504894 4.17341808220621e-06 0.00119526942015161
"TR32923|c1_g1_i1" 37.0632359405886 4.11896706557662 0.839889875625572 4.90417516047412 9.38207420805508e-07 0.0003372837975769
"TR32957|c0_g1_i3" 40.9649641316703 3.52332505940213 0.830641541227665 4.24169137290528 2.2184161390556e-05 0.00479233220678934
"TR32982|c0_g1_i2" 19.2159048566012 3.31320265726378 0.861836656536752 3.8443510520633 0.000120871872849911 0.0190963527542164
"TR33016|c0_g1_i4" 29.2538278127576 3.47732169734001 0.860870204037274 4.03931008534411 5.36086542343026e-05 0.00984033846423759
"TR33071|c0_g1_i3" 106.886682798548 3.12822127829492 0.741165055551987 4.22068101411657 2.43565386682253e-05 0.00516787164656085
"TR33071|c0_g1_i4" 77.7351828508175 -4.20385323664871 0.84731354031 -4.96139036691268 6.99903705129715e-07 0.000268861799502389
"TR33098|c0_g1_i4" 313.770838676944 5.81637612050383 0.792714571585234 7.3372892703013 2.17963191449855e-13 4.61437763552297e-10
"TR33120|c0_g1_i1" 106.90987386531 -4.43241533963831 0.832872708302861 -5.3218400548509 1.02722871971267e-07 5.1505788653088e-05
"TR33239|c2_g1_i10" 22.2677825514152 3.52860156853562 0.856274753027381 4.12087540367173 3.7743551635863e-05 0.00735320027340238
"TR33260|c0_g1_i5" 421.379294051419 -3.83402542391018 0.862336605124021 -4.44608915025563 8.74476696408109e-06 0.00218658192747274
"TR33316|c0_g1_i3" 228.631489986328 3.11039336430666 0.626473670204849 4.96492272897854 6.87284286105308e-07 0.000267246988099569
"TR33337|c1_g2_i1" 23.1785397449228 -3.17594025670023 0.866874344592647 -3.66366853109794 0.000248628496029044 0.0343774904661813
"TR33337|c1_g3_i1" 349.018913711198 -4.15791004907506 0.836662957886308 -4.96963563389891 6.7078834502535e-07 0.000262702307194885
"TR33344|c0_g1_i2" 54.5423475703973 4.58320356526618 0.7997987696725 5.73044588095941 1.00166982750092e-08 6.68974498305195e-06
"TR33344|c0_g1_i5" 61.0329440351845 4.67947380618058 0.798475920830113 5.86050710372793 4.6145579581034e-09 3.40786893794292e-06
"TR33344|c0_g1_i8" 131.352774638274 -4.94884766391044 0.826089776103983 -5.9906898827029 2.08952750101812e-09 1.67279845747473e-06
"TR33365|c1_g1_i12" 17.655438029017 3.16050580640565 0.865317386655308 3.65242378709375 0.000259776708013363 0.0357632191362847
"TR33395|c2_g1_i5" 192.101652673599 -3.54614841670915 0.855817605859603 -4.14357965111891 3.41926234998081e-05 0.00680047737569147
"TR33432|c0_g1_i5" 31.992984870331 3.22527831232163 0.867270686989282 3.71888311308911 0.000200105616551428 0.0284529280179178
"TR33453|c0_g1_i4" 39.3678807191784 4.37147735368126 0.828492929890602 5.27642083108481 1.31731384194844e-07 6.33820897883342e-05
"TR33472|c0_g1_i2" 154.815677329118 -3.59423025745183 0.865211261688477 -4.15416490353769 3.26477673755379e-05 0.00656171910245859
"TR33478|c0_g3_i2" 31.3056594774909 -2.87129237572511 0.800598484496979 -3.58643243938834 0.000335232865484532 0.0441113665692195
"TR33482|c0_g1_i1" 175.119857804266 -6.23286073543912 0.766303148248908 -8.13367496881873 4.16468261738938e-16 1.65315341212847e-12
"TR33482|c0_g1_i2" 113.473106253897 -5.30206828564496 0.806697742680391 -6.57255872320646 4.94578715137539e-11 6.82855513840694e-08
"TR33507|c0_g1_i4" 39.6663719831989 4.27130316167176 0.833933235983501 5.12187664116108 3.025097769845e-07 0.00012981621136929
"TR33519|c1_g2_i2" 21854.0430682167 -4.1835477539025 0.71579125706992 -5.84464774133703 5.0764132921593e-09 3.69171500079496e-06
"TR33524|c1_g1_i5" 422.984377480196 -2.83825215095529 0.767061119507559 -3.7001642747548 0.000215459948011086 0.0304092190624772
"TR33528|c0_g2_i4" 23.3409200252271 3.66596804628846 0.851623196359266 4.30468317673904 1.67224878810189e-05 0.00373967430272542
"TR33550|c0_g1_i6" 67.6703028137031 -5.06022521220483 0.804955573179618 -6.28634098676609 3.2503561039734e-10 3.3657790756221e-07
"TR33573|c0_g1_i1" 72.9108260705041 3.19617237080557 0.67383384309754 4.74326483234075 2.10301047691436e-06 0.000652597716951792
"TR33615|c0_g1_i1" 112.761349057351 5.10723660890504 0.816000081352757 6.2588677692756 3.87782490605811e-10 3.84821609713998e-07
"TR33623|c2_g1_i1" 20.8231161121519 -3.13154665706923 0.867210659632366 -3.61105646279392 0.000304952256310403 0.0409758626261257
"TR33664|c0_g1_i4" 82.1167900137164 -3.08748823135241 0.804964049512539 -3.83556039952603 0.000125278312995259 0.0195975189558609
"TR33683|c2_g2_i8" 66.851413557428 -5.06572811077423 0.804260328171993 -6.29861741693531 3.003121956761e-10 3.21458898263764e-07
"TR33777|c0_g1_i1" 110.901345512874 5.73820994217129 0.779591314464454 7.36053600868193 1.83173213824027e-13 4.05822385148223e-10
"TR33790|c0_g1_i4" 368.294707466101 -6.89478329942812 0.754766184438488 -9.13499232157244 6.54114175173859e-20 6.92394390292089e-16
"TR33802|c1_g4_i2" 32.5158469604533 3.39935141285152 0.863660003466643 3.9359833721683 8.28567100328168e-05 0.0140453918055095
"TR33812|c0_g1_i1" 168.564275670146 -5.84239262153533 0.788684890443622 -7.40776537287165 1.28445284558641e-13 2.98453583513366e-10
"TR3383|c0_g2_i1" 17.1603596377786 -3.22483171901555 0.863535260722056 -3.73445285409546 0.000188123726813689 0.0271134388537969
"TR33864|c2_g1_i4" 20.8748504504527 3.12284315792002 0.867268367093153 3.60078065384413 0.000317263154427162 0.0423387192446863
"TR33876|c0_g1_i1" 644.778644587558 -3.25246212265023 0.76852819720833 -4.23206609004687 2.31554340337402e-05 0.00494607339482585
"TR33892|c0_g1_i2" 413.980107891082 3.63144435108725 0.803236161538057 4.52101701214953 6.15432415368262e-06 0.00164230812086522
"TR33892|c0_g1_i3" 107.030205369663 3.80609306673253 0.860143756456966 4.42494994372834 9.64646481647854e-06 0.00236853031874088
"TR33892|c0_g1_i4" 321.464971368614 -4.66262313205556 0.816078518763134 -5.71344916555619 1.10708955683439e-08 7.17476876264909e-06
"TR33901|c2_g4_i2" 53.6181232022265 4.82331764264048 0.811394685702701 5.94447773399365 2.7733966294103e-09 2.13075142495186e-06
"TR33906|c0_g1_i2" 24.8617747928161 -3.19214335615003 0.854174857398822 -3.73710760566157 0.000186149272928696 0.0269102925403612
"TR33914|c0_g1_i3" 78.3326814776317 5.1288416152404 0.805240163786965 6.36933159309884 1.89853751369349e-10 2.07894222203491e-07
"TR33956|c2_g1_i10" 24.6496027331423 3.38384937517247 0.862068497414725 3.92526740661603 8.66334448209854e-05 0.0146076254650634
"TR34024|c0_g2_i4" 34.1392598179548 3.96694029437199 0.84515951480727 4.69371784245559 2.68284010048223e-06 0.000803729961800756
"TR34050|c0_g1_i1" 74.6238267094746 -5.05072126367783 0.808651587917376 -6.2458558656709 4.21485719392605e-10 4.09731428871176e-07
"TR34055|c2_g1_i11" 33.2294214759831 -4.13783219638105 0.836980973689555 -4.94375896998085 7.66304381343886e-07 0.000286288311754855
"TR34060|c0_g1_i2" 84.3755003496881 3.5734001764297 0.86417799244332 4.13502797765828 3.54911394607082e-05 0.00698581484091589
"TR34099|c0_g1_i2" 140.966088981859 -2.89481922882926 0.744414102037217 -3.88872164149912 0.000100773616123594 0.016495532795956
"TR34117|c0_g1_i2" 668.727091111219 7.5445015072776 0.739002451733921 10.2090344755636 1.80653493869048e-24 5.73677213347421e-20
"TR34150|c0_g1_i8" 40.5134209482324 3.76151311738923 0.84230513163954 4.46573691183321 7.97936173180398e-06 0.00204778746817808
"TR34193|c0_g1_i2" 62.1554703954973 4.9245078863722 0.810024119820747 6.07945833447769 1.205892107592e-09 1.06371966124044e-06
"TR34198|c0_g1_i2" 27.9309157316224 3.12707544995063 0.868454404014364 3.60073647562378 0.000317317072445926 0.0423387192446863
"TR34213|c1_g1_i1" 27.5503141896517 -3.84745191819957 0.846962275397087 -4.54264850981201 5.55518344548245e-06 0.00152076339454246
"TR34269|c0_g2_i1" 251.042196251527 -2.8961735208658 0.764736422296182 -3.78715258803786 0.000152383528077614 0.0230065318056578
"TR34357|c0_g1_i4" 29.5780146876687 3.28799736878112 0.85697246595034 3.83675963863658 0.000124668382223149 0.0195341821862709
"TR34383|c0_g1_i2" 190.112520983812 2.50232259073181 0.592503161912045 4.22330672912639 2.40743823728645e-05 0.00513085947542659
"TR34414|c0_g2_i4" 47.1685536864991 -3.09603477384124 0.870201974639403 -3.5578346913361 0.000373924502931291 0.0480174800605454
"TR34428|c0_g1_i1" 81.1064018937426 -4.0486311673645 0.695453301149416 -5.82157157162544 5.82968308545172e-09 4.17576254512578e-06
"TR34428|c0_g1_i4" 50.8809756569988 4.71544865041872 0.816223974012206 5.77715039076786 7.59763718915288e-09 5.13336242623424e-06
"TR34430|c2_g2_i2" 171.218821109 -4.982019141592 0.828460446216014 -6.01358720787134 1.81462237715356e-09 1.49117276239186e-06
"TR34430|c2_g2_i4" 174.284715376464 -3.93567779860561 0.815866336781044 -4.82392473028562 1.40760555384556e-06 0.000484109596744423
"TR34448|c0_g1_i4" 95.6259579084112 2.79453800324575 0.734570768117689 3.8043141988983 0.000142197597449752 0.0217095168529576
"TR34448|c0_g1_i6" 27.0446068352165 3.79028932693875 0.848834843481854 4.46528480309701 7.99623099459671e-06 0.00204778746817808
"TR34449|c0_g1_i1" 24.0363813195355 3.49679507688731 0.858350147292816 4.0738562088164 4.62410376840239e-05 0.0086888460296724
"TR34456|c1_g2_i7" 73.3697956041133 -2.80228051891167 0.735317223188635 -3.81098175119554 0.000138415986110061 0.0212685092721729
"TR34496|c0_g2_i1" 30.3217656969927 -4.0476537292122 0.839433144032272 -4.82188934042922 1.42204832882609e-06 0.000487317547274372
"TR34531|c0_g2_i11" 30.2690837342165 4.01093310063892 0.840904226720673 4.76978587238241 1.84421851108698e-06 0.000589574378844708
"TR34572|c2_g1_i6" 63.4194554714067 4.10099829028742 0.848484307772184 4.83332249367719 1.34273005349848e-06 0.000465155869115053
"TR34596|c1_g1_i4" 29.9724020999365 -4.02351845011094 0.840384441427591 -4.78771173259234 1.68693721955572e-06 0.000555773311186657
"TR34618|c0_g1_i2" 185.933635567385 -4.98669743434012 0.829251632258104 -6.01349124964762 1.8156973604444e-09 1.49117276239186e-06
"TR34623|c1_g1_i4" 82.5143727186711 -3.43953450446164 0.837485554884541 -4.1069777077359 4.00869901254425e-05 0.0077463839518875
"TR34650|c1_g2_i3" 59.7198619024433 4.15247312521471 0.797144335178878 5.20918601809157 1.8967088273325e-07 8.64563444275048e-05
"TR34653|c1_g1_i7" 129.45575407529 -5.54877381374017 0.797037742322847 -6.9617453717676 3.36082557153143e-12 5.82137763132881e-09
"TR34672|c1_g1_i8" 27.6740671343891 3.90863516911455 0.843947406528484 4.63137292546751 3.63248916633899e-06 0.0010550498335659
"TR34696|c3_g1_i1" 43.954821460355 3.68712867695527 0.858174055313503 4.29648117899383 1.73530694137857e-05 0.00387160389658812
"TR34716|c0_g1_i7" 40.2298312872356 4.34950227678354 0.830186301735827 5.23918820111729 1.61284494787464e-07 7.53190684554769e-05
"TR34730|c0_g1_i3" 58.3885200840799 -4.35276739445906 0.837953765901999 -5.19451975942087 2.05248974230714e-07 9.26703982371443e-05
"TR34730|c0_g1_i6" 41.4939857431678 -4.20168171291427 0.838488372161031 -5.01101965443517 5.41423839070317e-07 0.00022042660203723
"TR34754|c0_g1_i1" 85.0923464005267 4.95882565633274 0.816892553933543 6.07035237676576 1.27629890984526e-09 1.09539791211016e-06
"TR34755|c2_g1_i7" 997.311696128765 -5.18678880286287 0.833170062412811 -6.22536626897303 4.80432301244417e-10 4.53161822204474e-07
"TR34757|c0_g1_i4" 47.334013727491 -2.82554446031253 0.771019370563322 -3.66468673575364 0.000247641504149078 0.034290789499666
"TR34772|c0_g2_i1" 30.3712825184407 3.45855598382072 0.833561443190035 4.1491314312534 3.33739163212246e-05 0.00666547774879266
"TR34801|c4_g2_i6" 18.4845665020568 -3.30188612867757 0.86194853183558 -3.83072307304239 0.000127767239961284 0.0199214429613612
"TR34809|c3_g1_i2" 34.6005428784778 -3.8894160460183 0.848841279592721 -4.58202980878176 4.60484233987339e-06 0.00130174930324249
"TR34810|c1_g1_i9" 38.7546593055716 4.37777116469363 0.827726866426692 5.28890790218339 1.23048824333302e-07 6.04252182874262e-05
"TR34829|c1_g1_i3" 80.5569437204435 2.82125486604522 0.657242940746561 4.2925601648008 1.76624669025241e-05 0.00391314008000642
"TR34835|c0_g2_i2" 152.212744368707 -3.11273586672291 0.858428295621135 -3.62608721380814 0.000287748205551683 0.0391612975689889
"TR34848|c0_g1_i8" 67.7200930685413 -5.11303879177785 0.801698413118876 -6.37775840404425 1.79698690464096e-10 2.03801846957656e-07
"TR34852|c0_g1_i1" 78.5905755277379 5.30791165504419 0.794327164778513 6.68227386699563 2.35262828367926e-11 3.382162261473e-08
"TR34865|c1_g1_i9" 104.472750216373 5.20399635079823 0.778986958084315 6.68046659419805 2.38182672994143e-11 3.382162261473e-08
"TR34909|c0_g1_i5" 87.5831960327144 -4.08257869463695 0.852120986850199 -4.79107868206355 1.65887052925027e-06 0.000552572093391909
"TR34918|c0_g1_i4" 40.6179140066203 -3.25938496080931 0.828423588536318 -3.93444248318434 8.33900343731417e-05 0.0141106898838829
"TR34921|c0_g1_i1" 131.398519783823 5.94057483265803 0.773146262847648 7.68363648396584 1.5463505364669e-14 4.33282872228211e-11
"TR34921|c0_g1_i5" 122.835768809331 5.83032886844366 0.777669835050822 7.49717760116366 6.52066031881765e-14 1.59283011946872e-10
"TR34950|c0_g1_i5" 32.060696371078 3.21154290317689 0.851717238263766 3.77066796220263 0.000162811179111918 0.0242730927094493
"TR34980|c0_g1_i4" 39.9841570980038 3.83546882893292 0.852573377253395 4.49869645389241 6.83713978435914e-06 0.00179436307392987
"TR34986|c0_g2_i2" 40.7549272572714 -4.4039976488832 0.827979909956362 -5.31896679608484 1.04358176654649e-07 5.20517822793635e-05
"TR35007|c0_g1_i3" 27.346172262298 3.47716428740202 0.839348731220162 4.14269320732428 3.43250983002653e-05 0.00681260237452371
"TR35033|c0_g2_i7" 30.9807839140907 4.04236428693701 0.839865288903897 4.81311031702795 1.48599205341422e-06 0.000504233171971388
"TR35046|c0_g1_i5" 68.7352676275474 -4.76529634305293 0.821931420877177 -5.79768119579531 6.72381163121663e-09 4.6756011873804e-06
"TR35046|c0_g1_i8" 42.6539917236883 -3.10163307234343 0.869977685834779 -3.56518692702708 0.00036359695311897 0.047063574636936
"TR35049|c3_g2_i1" 540.986384680404 -3.06230037753902 0.846783175449754 -3.61639256225484 0.00029873722504808 0.0402543128976739
"TR35059|c0_g1_i10" 21.8345831413472 -3.41639955591825 0.860144807748959 -3.97188883213645 7.13049958195676e-05 0.0125101529221782
"TR35076|c1_g4_i11" 25.0079850618615 3.74448574571763 0.849462721291565 4.40806365230993 1.04298895905101e-05 0.00251550453574462
"TR35082|c2_g1_i12" 52.0708402949894 3.9997490137098 0.84981692727754 4.70660078109215 2.5188148917076e-06 0.000764203625122001
"TR35108|c0_g1_i1" 156.320245940292 5.54951807918974 0.801818986899185 6.92116072313401 4.47957894738348e-12 7.62064370679254e-09
"TR35108|c0_g1_i10" 55.8385185877691 4.58720150157272 0.825804879975812 5.55482488999954 2.77890198077652e-08 1.63418305557183e-05
"TR35108|c0_g1_i2" 35.0814407543679 4.01563145710824 0.843557102172013 4.76035522286361 1.93252520820659e-06 0.00061037335655155
"TR35108|c0_g1_i4" 28.4453266864949 -3.94513621144281 0.843079340263391 -4.6794364694197 2.8766447592311e-06 0.000848449895596498
"TR35108|c0_g1_i7" 74.4432115431091 5.19363147162725 0.799611282086718 6.49519533800675 8.29257422650971e-11 1.0280262512911e-07
"TR35109|c0_g1_i5" 29.81222263923 3.55331917343127 0.858779477330047 4.13763866886825 3.5089838321021e-05 0.00692112552241969
"TR35119|c0_g1_i8" 202.154943886726 -4.27281758524244 0.851540628735229 -5.01774952486852 5.22802759435535e-07 0.000213759014949121
"TR35126|c1_g1_i14" 32.6940633524393 -4.03260542696941 0.841685112326791 -4.79110936846857 1.65861680502497e-06 0.000552572093391909
"TR35206|c0_g1_i2" 322.677200705963 3.28933568035323 0.72512676545099 4.53622157817805 5.72710098124993e-06 0.00155001059426346
"TR35215|c7_g2_i1" 37.758697234897 3.79790320781088 0.853221807779285 4.45124957330361 8.53720517543827e-06 0.00215733136723734
"TR35236|c1_g2_i1" 43.2436794450702 -4.53363939033286 0.822304181140036 -5.51333617694544 3.52094770539359e-08 2.02066340391404e-05
"TR35237|c2_g1_i11" 838.30185551687 -2.47882257592071 0.627617820084754 -3.94957328583494 7.82906383214863e-05 0.0134025495394867
"TR35256|c0_g1_i2" 841.958236495617 -4.66819272480118 0.845712354090023 -5.51983508603714 3.39317959247952e-08 1.97108561119967e-05
"TR35287|c0_g1_i5" 18.6300967365616 3.30046553217024 0.86191256228304 3.82923474676822 0.000128542348775071 0.0200095489228019
"TR35289|c4_g2_i1" 16.8178457893084 3.11877846042631 0.865988677045071 3.60140789723512 0.000316498549870663 0.0423387192446863
"TR35289|c4_g2_i5" 25.5677114230452 -3.69389573767418 0.852118759410143 -4.3349541327211 1.45790517678434e-05 0.00333973073179053
"TR35301|c0_g2_i3" 226.201402588654 -5.74894742905205 0.801082551487688 -7.17647315919652 7.15326873223267e-13 1.44993713258215e-09
"TR35301|c0_g2_i7" 27.4939406883811 -3.88312063574171 0.845264778771568 -4.59396952678554 4.3489291439445e-06 0.00123674457539152
"TR35303|c1_g1_i6" 647.427075262081 5.57053821312621 0.814217757321548 6.84158281127528 7.83229060225427e-12 1.2793952080443e-08
"TR35306|c0_g1_i5" 55.3654186072168 3.72328137057166 0.858871837908394 4.33508377645604 1.45704621052313e-05 0.00333973073179053
"TR35335|c0_g1_i6" 22.785969139461 -3.1695205965917 0.86691564625091 -3.65608881359877 0.000256092661097444 0.0353070615698556
"TR35336|c0_g1_i2" 70.3948397828276 -5.18593116859218 0.798462522531434 -6.49489615636659 8.30907043881037e-11 1.0280262512911e-07
"TR35343|c3_g1_i3" 98.2816990845499 -2.8249850360037 0.661791667691915 -4.26869236032573 1.96622224382235e-05 0.0042962406995923
"TR35385|c2_g2_i12" 41.2862257873873 -2.63796227638946 0.739658873817864 -3.56645795753549 0.000361838828180309 0.0468997274071476
"TR35430|c0_g1_i2" 257.631732236256 2.70483952628233 0.692888129534135 3.90371751367848 9.47263380395755e-05 0.0157492042687892
"TR35440|c0_g1_i3" 95.8477602998991 -3.4253573406863 0.867090410991178 -3.95040389937047 7.80194200212836e-05 0.0133922091660678
"TR35506|c1_g2_i4" 43.9745045731732 -3.08790954210422 0.775604428692494 -3.98129436587899 6.85410028378895e-05 0.0121369808872811
"TR35506|c1_g2_i5" 66.3432202328033 -4.66242513090143 0.826252908807575 -5.64285472547396 1.67253467238959e-08 1.06224907089693e-05
"TR35506|c1_g2_i6" 100.354907203088 -5.10721023686452 0.813653427462132 -6.27688652746714 3.4541998249948e-10 3.53840058847075e-07
"TR35539|c0_g1_i12" 67.8093828019743 -4.95183778781075 0.811542724564038 -6.10175858636511 1.04907745530427e-09 9.34041700322171e-07
"TR35570|c1_g2_i4" 24.0003047178196 -3.28108090282371 0.864732723387716 -3.79432952412117 0.000148042955344829 0.0224937930252566
"TR35581|c0_g2_i2" 29.423372051725 3.84653167463476 0.847855431088431 4.53677777318332 5.71202401015468e-06 0.00155001059426346
"TR35586|c1_g1_i1" 28.4263645281775 3.16841768318417 0.86781648221946 3.6510227082584 0.000261198141887978 0.035907017869036
"TR35586|c1_g1_i10" 23.4830509706273 3.45904034927431 0.859293541075731 4.02544670002292 5.68672605386398e-05 0.010315272103368
"TR35586|c1_g1_i3" 17.7813300888515 3.12482328511032 0.866231236683949 3.60737774485318 0.000309307196873596 0.0415024911613477
"TR35586|c1_g1_i5" 44.7341539307261 -3.64051009480645 0.795877965504553 -4.57420641429433 4.78028388681045e-06 0.00133549356318115
"TR35598|c5_g1_i4" 56.1186786549312 -4.81142142909864 0.813955869311979 -5.91115760755634 3.39711790696619e-09 2.5482931625429e-06
"TR35610|c3_g2_i6" 24.0538025024686 -3.71715111785231 0.850229311121606 -4.37193950999963 1.2314764836021e-05 0.00288253243644525
"TR35640|c0_g1_i4" 27.214151074184 3.88268327274173 0.844820310991301 4.59586875721044 4.30949902233446e-06 0.00122920072862496
"TR35652|c0_g1_i3" 37.9674335404439 -4.02097943848114 0.844896071641616 -4.75914088542093 1.94418700630414e-06 0.000610645173915025
"TR35654|c0_g1_i5" 134.997825276783 -5.93240661401653 0.775198970072786 -7.6527534775485 1.96720822817468e-14 5.20583406315325e-11
"TR35658|c0_g1_i1" 263.860960916426 -2.15358148704538 0.591299318632957 -3.64211731551511 0.000270404783661383 0.0369593293042596
"TR35684|c2_g1_i1" 32.1867394386166 2.71876276581028 0.765348732942744 3.55231889567089 0.000381851775923012 0.0488293599152451
"TR35696|c0_g1_i5" 37.542445851578 3.7970907989768 0.853183481186586 4.4504973229157 8.56716617063107e-06 0.00215917518406749
"TR35763|c0_g1_i3" 23.8941409617109 -3.70400995493464 0.850664030008756 -4.35425717353597 1.33518888578931e-05 0.00309487687548637
"TR35767|c0_g1_i11" 17.1171526293729 -3.22063130446222 0.863618842519285 -3.72922769385998 0.000192067540440559 0.0275567746613715
"TR35767|c0_g1_i5" 72.1527803575408 -3.36661674269317 0.867432037930109 -3.88113027359086 0.000103972124976547 0.0169318161198986
"TR35790|c0_g1_i1" 34.0643529417448 -4.0231026194888 0.842998215338044 -4.77237382747664 1.8206716662011e-06 0.00058597948521615
"TR35801|c1_g1_i7" 173.846054009603 -2.89568185976092 0.710891429999365 -4.07331096924815 4.6349472342325e-05 0.00869207712920526
"TR35870|c0_g1_i9" 85.0372385304559 -5.19798623315171 0.804144679332392 -6.46399381448016 1.01975042317776e-10 1.21435704456095e-07
"TR35889|c5_g1_i2" 36.7325164095987 -4.07774891671543 0.841933952980374 -4.84331211763173 1.27692463675641e-06 0.000445325444733013
"TR35890|c2_g1_i2" 53.5098436253179 -2.96364923937287 0.780134012174543 -3.79889761646464 0.000145341112768075 0.0221185491854252
"TR35907|c0_g1_i2" 286.55418047623 4.93510361487965 0.817939544748708 6.03357992233502 1.60366618710996e-09 1.34014444427548e-06
"TR35907|c0_g1_i9" 215.638168467023 -6.35177465533029 0.767193967567519 -8.27922914392739 1.23975175511139e-16 5.62416335496175e-13
"TR35926|c0_g1_i2" 99.1311126616756 -4.35091366333453 0.844779301961628 -5.15035542801705 2.59993277772872e-07 0.00011361825501646
"TR35926|c0_g1_i6" 41.0268263130299 4.30284687117136 0.833108155302595 5.16481184799892 2.40680899855278e-07 0.00010566335155075
"TR35926|c0_g1_i8" 34.8503259658576 -3.12062171276392 0.869297276219781 -3.58982110968325 0.000330904974581912 0.0437230571615742
"TR35992|c0_g2_i2" 75.6233780425675 3.53452704850326 0.833873227669874 4.23868632691319 2.24831536621537e-05 0.00484593348400995
"TR36017|c0_g1_i8" 24.6384283251408 3.73507431760064 0.849610074326639 4.39622178510641 1.10151387383664e-05 0.00263663121152752
"TR36017|c0_g1_i9" 30.4513867222097 -3.97450929661703 0.843075759352711 -4.71429673137386 2.4254699199542e-06 0.000738234002761269
"TR36018|c0_g1_i6" 95.1510770092193 -5.42323487711978 0.794362513175798 -6.82715358185537 8.66159552025215e-12 1.3752737007131e-08
"TR36028|c4_g1_i9" 65.3850117720616 4.4957296963824 0.83341330419639 5.39435796590428 6.87689993557448e-08 3.69568206277172e-05
"TR36121|c0_g1_i5" 59.1825840065074 -3.00838776939414 0.776516137881202 -3.87421152328245 0.000106970472423809 0.0173312176809506
"TR36157|c0_g1_i3" 82.9197228100509 4.45742172448159 0.819905436216532 5.43650709897771 5.43351754152939e-08 3.02710476975953e-05
"TR36171|c1_g2_i3" 21.838290671158 -3.23335053441203 0.865184915936174 -3.73717857865492 0.000186096755551304 0.0269102925403612
"TR36213|c0_g1_i5" 31.7784693031095 -3.14680872275761 0.86868215314938 -3.62250877533164 0.000291759559992338 0.0396505820282312
"TR36290|c2_g1_i3" 65.0828019294173 -3.59030382864077 0.863009589840164 -4.16021313193718 3.17950747300648e-05 0.00640385070678452
"TR36295|c0_g1_i10" 79.9007216379727 -3.95250477371371 0.828051410447485 -4.77326011868967 1.81267424380409e-06 0.00058597948521615
"TR36295|c0_g1_i14" 32.475249746539 4.13668731935143 0.836168985500662 4.94719056922993 7.52922565315515e-07 0.000282396354448477
"TR36298|c1_g1_i1" 99.7821177371855 -3.64475107011447 0.807929108424673 -4.51122633422767 6.4453901074905e-06 0.00171517592002876
"TR36298|c1_g2_i1" 28.9880998696603 -3.16810426923236 0.867988293969841 -3.64993893493965 0.000262302658938135 0.0360068982839471
"TR36302|c1_g1_i3" 159.497682041192 3.09725819284501 0.787503480797916 3.93300889248997 8.38891330489606e-05 0.0141699752449917
"TR36313|c0_g1_i10" 89.5875924420508 -5.38998753543379 0.794340457787234 -6.78548786303607 1.15694877614987e-11 1.80686949274541e-08
"TR36313|c0_g1_i18" 87.2181705032258 -4.72465922117944 0.828852722222645 -5.70023973440038 1.19639059901904e-08 7.70111778356397e-06
"TR36314|c0_g2_i3" 30.3563880924824 3.87884963697908 0.846953251405997 4.57976828182658 4.6549135233006e-06 0.00131201078882923
"TR36327|c0_g1_i2" 22.5333103354595 -3.57392078037394 0.855019411509005 -4.17992940542298 2.91599604871675e-05 0.00597761407936161
"TR36340|c0_g1_i20" 146.929549465446 2.90788588606632 0.654662313738517 4.44181041896323 8.92051391852147e-06 0.00221887884980623
"TR36402|c0_g2_i6" 90.657096598895 -4.55776412441508 0.836304630047268 -5.44988507854784 5.0402378373832e-08 2.82451963561168e-05
"TR36428|c1_g3_i1" 19.0865889031145 -3.31168001551225 0.862013545799699 -3.84179579503008 0.000122137431723128 0.0192325069553178
"TR36444|c0_g1_i2" 219.160003222096 6.31914140586943 0.769388822153281 8.21319627205411 2.15377067130995e-16 9.32651229744024e-13
"TR36449|c0_g2_i12" 21.7782096400766 -3.56766290292377 0.854739176147795 -4.17397845153511 2.99326079937466e-05 0.00610618793520397
"TR36456|c1_g1_i7" 36.8764073631825 3.82606786765527 0.851890395776312 4.49126775771271 7.08004751488779e-06 0.00184793119616662
"TR36477|c0_g1_i6" 60.8221108608513 -3.37989011723122 0.866820597808336 -3.89918066757633 9.65187383891006e-05 0.0159913924349817
"TR36504|c0_g1_i1" 161.524835180771 2.67956501887325 0.686744587344111 3.90183638612441 9.54656786361242e-05 0.0158444752728705
"TR36504|c0_g1_i10" 15.5534534539581 -3.08521017497351 0.866390635066372 -3.56099206305151 0.000369456252522725 0.047627860364117
"TR36514|c0_g1_i3" 803.321811915519 -3.38306207948687 0.56329349602279 -6.00586036120324 1.90319941907191e-09 1.53654321234512e-06
"TR36515|c1_g1_i11" 30.6513795547514 -3.82807481106995 0.849475960282329 -4.50639569576243 6.59380746094955e-06 0.00174978344117627
"TR36517|c0_g2_i1" 32.2640628407843 3.51969385075418 0.86044627896663 4.09054456599107 4.30361501805322e-05 0.00819984983849753
"TR36529|c1_g1_i13" 38.168851185532 4.36142212701206 0.828220442802129 5.26601602860225 1.39416117221378e-07 6.64087761966449e-05
"TR36536|c0_g1_i3" 45.5701148750736 4.34253966785476 0.833410127649812 5.21056743106851 1.88263938118873e-07 8.63701153818192e-05
"TR36586|c0_g1_i3" 243.834712191761 -2.62561740060078 0.696347962054679 -3.77055372267265 0.000162885731960828 0.0242730927094493
"TR36599|c0_g1_i7" 142.760318880587 5.96268320274186 0.775105695937793 7.69273562817478 1.44021909391858e-14 4.16107722371189e-11
"TR36666|c0_g1_i4" 174.894811180185 -3.07273085780789 0.865381195634972 -3.55072524490584 0.000384171244529063 0.0489289330916447
"TR36666|c0_g1_i5" 29.2532989768424 -3.39162553240737 0.84860236111698 -3.99671941513704 6.42263514350427e-05 0.0114834543020106
"TR36666|c0_g2_i1" 24.0801354881985 -3.23709959568965 0.86577754554516 -3.73895074126845 0.000184789927927204 0.0267951020758614
"TR36705|c0_g1_i13" 27.4141099180022 -3.86619894095353 0.845975476455143 -4.57010758415115 4.87473901881371e-06 0.00135789988919686
"TR36709|c0_g1_i14" 16.9142840802095 -3.11435404430761 0.866266994899001 -3.59514337109279 0.000324212980192361 0.0431379860111532
"TR36763|c2_g1_i3" 73.4687403490082 -5.2081315248615 0.798635141093234 -6.52129020735577 6.97051675776808e-11 8.85413626616389e-08
"TR36773|c1_g1_i2" 76.9051710051099 -5.08439284046801 0.807708042879662 -6.29483993045433 3.0771723164001e-10 3.25439777835365e-07
"TR36788|c1_g1_i10" 16.4184254352606 -3.14212004562917 0.865402323957677 -3.63081997660875 0.000282522202935295 0.0385050682504102
"TR36814|c1_g1_i11" 114.412107964039 -3.35400260140828 0.84731456224823 -3.95839131161502 7.54562636469525e-05 0.0130699852160986
"TR36814|c1_g1_i3" 158.700286243784 4.68225284166995 0.817492739662223 5.72757727928519 1.01875033923398e-08 6.69905514959723e-06
"TR36823|c4_g1_i13" 426.419984012949 2.70027510807375 0.610037056523291 4.42641160762118 9.58136178365775e-06 0.00235862427143081
"TR36825|c0_g4_i1" 44.2787165055971 4.44082251283974 0.827774511040053 5.36477320044572 8.1050996034958e-08 4.242574307287e-05
"TR36825|c0_g4_i4" 87.8843205328888 5.08775638665784 0.810956734361459 6.27377043815278 3.52407986880685e-10 3.571579966613e-07
"TR36825|c0_g4_i6" 167.007991554353 -5.26454557806495 0.816813214643963 -6.44522576726392 1.15428460526701e-10 1.35759545049349e-07
"TR36825|c0_g4_i9" 145.927225759064 -4.08054954493592 0.855017729377827 -4.7724736046178 1.81976963937332e-06 0.00058597948521615
"TR36841|c0_g1_i7" 48.5245592564932 4.17525082322246 0.842188524847917 4.95762017652334 7.1361901080741e-07 0.000270853953396771
"TR36850|c0_g1_i4" 31.7352622947039 -3.30666047564761 0.865777793973272 -3.81929462578673 0.000133833834251405 0.0206644212117157
"TR36854|c0_g1_i4" 44.3921825591041 -3.26429407508275 0.867819022631893 -3.76149172805974 0.00016890300817593 0.0248699889952029
"TR36863|c0_g1_i2" 27.4141635719372 3.78255066754933 0.849387235977846 4.45326996607704 8.45723083704583e-06 0.00214280587806608
"TR36863|c0_g1_i5" 35.4984310919426 -4.25304643929728 0.832569167287268 -5.10834007119773 3.2500132255024e-07 0.000138222772300865
"TR36865|c0_g1_i4" 37.8124783691584 3.68103247640791 0.857048369567952 4.29501135188386 1.74684397846506e-05 0.00388823797421569
"TR36877|c0_g1_i2" 36.5160155221176 3.59223676613685 0.859428367261162 4.17979776206903 2.91768455698526e-05 0.00597761407936161
"TR36880|c0_g3_i12" 30.8873696253876 3.81742020714895 0.849781454684783 4.49223760544996 7.04787274219013e-06 0.00184458706739073
"TR36901|c0_g1_i6" 57.7959554456411 4.24180933343985 0.842141035116793 5.03693461850077 4.7304627007847e-07 0.000195937821789416
"TR36902|c2_g1_i18" 25.2148566374689 -3.53509672941512 0.838865203952663 -4.21414157215968 2.50729983270124e-05 0.00528457816729977
"TR36967|c3_g1_i6" 47.2239959913609 4.5807014283463 0.821813719381542 5.57389262349322 2.49109311071674e-08 1.49257212187831e-05
"TR36996|c1_g1_i3" 180.136792703046 2.31283983328506 0.623018884067556 3.71231096268709 0.000205375442756931 0.0291153308111972
"TR37017|c0_g1_i1" 565.23037024725 -4.4374076250082 0.82608105298233 -5.37163709176988 7.8025015763282e-08 4.10674540150308e-05
"TR37029|c1_g1_i2" 287.968316201186 -6.69534755898089 0.757239697190565 -8.84178098932386 9.42047436600023e-19 6.90354101096726e-15
"TR37034|c0_g1_i6" 86.0811530878911 4.33456356952464 0.843684830687259 5.13765734770144 2.78184518875693e-07 0.000121012806208816
"TR37060|c0_g2_i1" 262.625196837222 -3.19686005804215 0.75734800775494 -4.22112427220721 2.43086869655783e-05 0.00516787164656085
"TR37101|c0_g1_i8" 26.1603074511564 3.82925807166213 0.846518196332911 4.52353899567705 6.08141086609661e-06 0.00163199371543782
"TR37113|c0_g1_i3" 39.0408333956658 -3.13361614728171 0.770841998145547 -4.06518606253993 4.79941579165492e-05 0.00894767014136183
"TR37180|c3_g2_i2" 30.222376589865 4.00311623749767 0.841223303684916 4.7586844301178 1.94858799867916e-06 0.000610645173915025
"TR37200|c0_g1_i1" 23.4779864930631 3.42640549484448 0.860363076957617 3.98251108934242 6.81909419811727e-05 0.012097479459442
"TR37214|c2_g1_i6" 88.681077078721 -4.15087591918142 0.85017649752637 -4.88236963884393 1.04818533325708e-06 0.000372602507997769
"TR37215|c2_g1_i4" 20.0116419154984 -3.41197734042493 0.859267099393274 -3.97079946716698 7.16318544282004e-05 0.0125443968305356
"TR37223|c0_g1_i1" 79.094817483861 -3.5223814982326 0.776326414446649 -4.53724288222666 5.69944531369419e-06 0.00155001059426346
"TR37254|c1_g2_i2" 18.1783001191394 3.2632907728486 0.862766159390558 3.78235833351846 0.000155349509451981 0.0233802238814564
"TR37277|c2_g1_i6" 30.9066634761719 4.00585210607863 0.841546709464304 4.76010667147471 1.93490666945079e-06 0.00061037335655155
"TR37281|c0_g1_i2" 462.088120578292 6.25975046355505 0.792227175786378 7.90145889320385 2.75657763322762e-15 9.72632894017392e-12
"TR37304|c0_g1_i1" 244.260862530141 -6.67832344259974 0.751218986011912 -8.8899822381404 6.11186783690002e-19 4.85216094348296e-15
"TR37338|c0_g1_i4" 90.022157965675 -3.42639112321277 0.866957848392795 -3.95220036310273 7.74358601559061e-05 0.0133160326524778
"TR37340|c0_g1_i5" 84.8750495643348 5.37394704154753 0.792937576506549 6.77726368477021 1.22473243466729e-11 1.88188040086207e-08
"TR37342|c1_g2_i6" 24.8990247444736 -3.60069588025999 0.855305635316954 -4.20983532854389 2.55556883920877e-05 0.00535079948582201
"TR37371|c0_g1_i7" 38.1139285883367 -3.78635949351521 0.853893036999192 -4.43423160683156 9.24012509082352e-06 0.0022888610630331
"TR37375|c1_g1_i5" 30.1649798728566 -3.29831644768675 0.865695932444969 -3.81001726364981 0.000138957088283815 0.0213172704179295
"TR37376|c0_g1_i4" 32.8471416467646 -3.98366233153898 0.844008275901767 -4.71993278416933 2.35922588154455e-06 0.000723251573115316
"TR37395|c0_g2_i2" 37.4049106179811 -4.32459829886634 0.830015665234348 -5.2102610589227 1.8857509945121e-07 8.63701153818192e-05
"TR37398|c0_g1_i3" 37.9999292064267 -3.51974271152012 0.830828860139628 -4.23642326402648 2.27108485808094e-05 0.00488396029739947
"TR37404|c0_g1_i4" 54.6313696113398 4.55091242677041 0.82714264077557 5.50196810371576 3.75574912283553e-08 2.12975566479269e-05
"TR37404|c0_g1_i6" 94.9058985305812 4.78475964055853 0.827383493574678 5.78300108440182 7.33795899065e-09 4.99332385115896e-06
"TR37444|c1_g2_i2" 18.8463481198806 3.3120663588121 0.861673752043265 3.84375913848865 0.000121163928677733 0.0191108013134794
"TR37444|c1_g2_i5" 33.9291183650731 3.8064099504698 0.851587148873167 4.46978322242943 7.8298914433609e-06 0.00202149124155735
"TR37448|c1_g1_i10" 26.1800246003462 -3.38488442783629 0.862650036926528 -3.9238211127841 8.71554622330401e-05 0.0146696809550442
"TR37450|c1_g1_i3" 100.16490629719 5.18328402918935 0.809303331215248 6.40462460645769 1.5073980149783e-10 1.73018417702334e-07
"TR37457|c1_g2_i9" 44.6777575952679 -4.4737249369729 0.826514884464389 -5.41275785961439 6.20613888515731e-08 3.39793237455334e-05
"TR37513|c2_g2_i19" 30.5726394758013 3.8983246372158 0.846233068345498 4.60667962886106 4.09149628980876e-06 0.00117759690949006
"TR37537|c3_g1_i1" 36.8292212026533 -4.31013196562159 0.830434034079562 -5.19021594580822 2.1005033225264e-07 9.43908726543032e-05
"TR37557|c0_g1_i5" 23.1358430499096 3.35534221020252 0.862329128463595 3.8910226959174 9.9822594272665e-05 0.0164245234690397
"TR37567|c0_g1_i11" 27.5543042028341 3.51929091541676 0.836971702162488 4.2047908027523 2.61323749843743e-05 0.00544759949154571
"TR37567|c0_g1_i15" 25.8344028935687 3.65231422956623 0.853656406729247 4.27843591493671 1.88211159487703e-05 0.00415053530808217
"TR37567|c0_g1_i17" 46.6419078892781 4.11596474184404 0.80417336688467 5.11825547989619 3.08374700936846e-07 0.00013173960822489
"TR37575|c0_g1_i3" 391.41162326849 6.91594614214679 0.755361360795064 9.15581137863252 5.39508349932093e-20 6.42466774662258e-16
"TR37637|c0_g2_i2" 20.4778804201649 3.25749871803006 0.863994266296918 3.77027816630278 0.000163065692569804 0.0242730927094493
"TR37637|c0_g2_i22" 43.3924076091913 3.11025808078973 0.869855142897844 3.57560463507543 0.000349419383839282 0.0457883582396381
"TR37637|c0_g2_i23" 34.0387715393418 3.38715184447264 0.864246976610732 3.91919432308093 8.88454623856452e-05 0.0149277613140975
"TR37646|c1_g2_i8" 22.7398864144337 -3.32791676500811 0.863064117164253 -3.85593225210493 0.000115289416393906 0.0183054613859971
"TR37651|c0_g1_i10" 26.3191045886173 -3.21697938733168 0.866690467026467 -3.71179735986809 0.000205792715997232 0.0291311362182888
"TR37684|c0_g1_i13" 29.7631666456313 -3.38685461314434 0.852105367310308 -3.9746899187304 7.04710093153847e-05 0.0123883629836378
"TR37691|c0_g3_i6" 20.3009244814731 -3.4078049822446 0.85961891095322 -3.96432062955168 7.36052672760461e-05 0.0128663357753891
"TR37692|c0_g1_i2" 109.021501038789 -5.35940070718732 0.802486634444514 -6.67849217314021 2.41413116588287e-11 3.382162261473e-08
"TR37692|c0_g1_i6" 164.697812608122 -2.73498781739818 0.668407701691768 -4.09179578642768 4.28045522174134e-05 0.00818847645802475
"TR37692|c0_g1_i7" 120.924923832999 -2.42847282472302 0.616404554623545 -3.93973861242176 8.15704354522123e-05 0.0139015575567548
"TR37719|c0_g1_i11" 46.6483168264498 3.84185660717224 0.853972200150342 4.49880758003115 6.83356735798196e-06 0.00179436307392987
"TR37763|c1_g1_i9" 43.4252634471033 3.05914717767597 0.802232835503044 3.8132909079416 0.000137128543666947 0.0211388753552088
"TR37768|c0_g1_i6" 54.5125515414152 4.20292822145041 0.842796329332576 4.98688482041537 6.13606207541451e-07 0.000244248390543563
"TR37781|c0_g1_i6" 45.8686359045183 -4.61506285329571 0.819313024713023 -5.63284448567409 1.77261292279045e-08 1.11835440606277e-05
"TR37793|c3_g2_i10" 32.8173931896925 4.14883224625123 0.835785709090335 4.96399041180878 6.90593541906898e-07 0.000267442174621319
"TR37800|c0_g1_i8" 17.3932687024827 -3.24877125180033 0.862960606946035 -3.76468082743375 0.000166761952774769 0.0245927414163993
"TR37815|c1_g1_i12" 31.8620283329322 4.08778887518618 0.838203586297701 4.87684488829464 1.07796133590614e-06 0.000381762611850449
"TR37929|c0_g1_i8" 184.025745392939 6.34122508380037 0.760795727705044 8.33499039608018 7.75044836958082e-17 4.34330567544033e-13
"TR37974|c0_g1_i5" 67.9557635631122 -3.05568120911296 0.764562366297177 -3.99664088086341 6.4247652838566e-05 0.0114834543020106
"TR37974|c0_g1_i9" 36.0506632381622 -4.25129520759399 0.833049908285218 -5.10328992934532 3.33799008876213e-07 0.00014133346746049
"TR37986|c0_g1_i4" 18.3014476921908 -3.27171076837952 0.862793406235176 -3.79199788122596 0.00014944018945342 0.0225979659185062
"TR37987|c3_g1_i12" 18.4244854709754 -3.17772731311924 0.865396683145422 -3.67198924494289 0.000240669813110094 0.0335693866552845
"TR38088|c1_g1_i1" 587.356591632495 -7.09067025178977 0.759767505114876 -9.3326842804598 1.03222944124831e-20 1.40482003113433e-16
"TR38088|c1_g1_i2" 2542.44506957693 -2.53166902443789 0.692206790078895 -3.65738831332374 0.000254798224294244 0.0351795107736807
"TR38096|c0_g1_i2" 25.9565744986962 -3.50948885844442 0.858989000011179 -4.08560395814004 4.3962311073518e-05 0.00833402203212259
"TR38123|c0_g1_i5" 68.9252642735208 5.11296968898502 0.801984695780189 6.3753955853372 1.824912872186e-10 2.04534087758286e-07
"TR38150|c1_g2_i11" 45.9613481979935 4.2982151088505 0.813046429146392 5.28655554562013 1.24640981249448e-07 6.0893191593288e-05
"TR38151|c1_g1_i7" 32.9467221564408 -4.16446531748531 0.835394120764196 -4.98503067471407 6.19519834515849e-07 0.000244248390543563
"TR38173|c0_g1_i2" 73.2407640069141 3.14495393870829 0.776214883299143 4.05165374482554 5.08568905612796e-05 0.00938950269980896
"TR38174|c0_g1_i10" 76.2960597042767 5.02368446543036 0.810485913172862 6.1983612346374 5.70540755299909e-10 5.32879471913298e-07
"TR38174|c0_g1_i17" 60.1797779626484 4.16315604104925 0.796706900068227 5.22545498312206 1.73727385397249e-07 8.03421690516492e-05
"TR38178|c0_g1_i4" 41.0755429697271 4.25407132430142 0.835502445314153 5.091632404142 3.54993841527831e-07 0.000148983252426572
"TR38199|c1_g1_i9" 76.5366694159442 4.72942174273537 0.825749058456192 5.7274321954147 1.01962169134286e-08 6.69905514959723e-06
"TR38217|c2_g1_i2" 27.76634923168 -3.41671939792183 0.862316695183998 -3.9622558823273 7.42449054910494e-05 0.0129306936223324
"TR38259|c3_g2_i11" 25.6907492018297 -3.77286351660772 0.848934687417721 -4.44423295752465 8.82059900994975e-06 0.00219976964890284
"TR38259|c3_g2_i5" 127.864946531926 2.27737110127812 0.638014395423594 3.56946664152635 0.000357708761153482 0.046554426979247
"TR38282|c0_g1_i5" 32.8903486551702 -4.04783886456359 0.841089325598116 -4.81261471447767 1.48968312069043e-06 0.000504233171971388
"TR38282|c0_g1_i6" 189.568015152596 -6.0615170418354 0.780020760598538 -7.77096886137259 7.7888046292697e-15 2.55867603660909e-11
"TR38300|c0_g1_i7" 23.9155537372653 3.51153196081188 0.857754496794628 4.09386598838508 4.24239572058208e-05 0.00814839340953009
"TR38325|c0_g1_i1" 288.881358129072 2.45828805136433 0.688958875475827 3.56812015763136 0.000359551620431713 0.0466667632475041
"TR38380|c0_g1_i1" 537.463078989966 2.55668262617453 0.544360779327462 4.69666942084479 2.6443790789954e-06 0.00079470681930175
"TR38386|c0_g1_i6" 28.4680071949648 3.86107901205297 0.846654373105018 4.56039575853469 5.10573031890731e-06 0.00140987713127926
"TR38391|c0_g1_i7" 220.592452166972 -3.74916802343233 0.855853931946074 -4.38061669578046 1.18343891911744e-05 0.00279066028484062
"TR38401|c0_g1_i1" 29.9958593690448 -3.96193577007413 0.843294920820885 -4.69816154734749 2.625137618918e-06 0.000791420840321081
"TR38413|c1_g1_i3" 57.8284332167726 4.75295759320972 0.817821340378583 5.81173094726227 6.18301581292772e-09 4.39580124962825e-06
"TR38421|c1_g1_i8" 29.5847968479096 3.94821684119409 0.843422836130219 4.68118323581235 2.85223853947413e-06 0.000843864002919508
"TR38453|c0_g2_i1" 37.6575694219826 -4.30898786290571 0.831074600864501 -5.18483883206563 2.16201746200673e-07 9.62471577350443e-05
"TR38483|c2_g2_i2" 60.6575297000394 -4.38036737616323 0.837414523072025 -5.23082327267744 1.68756784217924e-07 7.84241588394582e-05
"TR38483|c2_g2_i3" 19.872778449341 3.43104369160919 0.858340068121571 3.99730109199939 6.40687871194123e-05 0.0114834543020106
"TR38483|c2_g2_i4" 93.8022927979835 5.25445544122369 0.803579616139694 6.53881125863483 6.20097205211375e-11 8.3203944294186e-08
"TR38484|c2_g1_i3" 49.8338414377313 -4.33684193406807 0.835899882989927 -5.18823129697738 2.12300814558113e-07 9.49542802840739e-05
"TR38496|c0_g1_i3" 387.441641075853 2.37975593867159 0.581676817206068 4.09119956009613 4.29147644506782e-05 0.008193107945737
"TR38537|c0_g2_i1" 37.4548929030393 2.9405783862916 0.782013569100563 3.76026516991734 0.000169733342702757 0.0249536826531845
"TR38541|c2_g1_i1" 30.1592284396133 -3.10512362049756 0.869120771621142 -3.57271822500074 0.000353294852464651 0.0461281163817358
"TR38555|c0_g1_i5" 16.4982562056395 -3.13105126429063 0.865721439738181 -3.61669599546657 0.000298387401374319 0.0402543128976739
"TR38558|c0_g1_i1" 20.0778554246584 3.17633183777434 0.865841418132193 3.66849144803719 0.000243985853766379 0.0339325552273892
"TR38561|c0_g1_i5" 27.1948572233996 3.76608723680181 0.849901262497631 4.43120560350069 9.3707685491189e-06 0.00231275908644795
"TR38571|c0_g1_i1" 114.059902810138 3.3949567388141 0.867766847155495 3.91229136022266 9.14245149333433e-05 0.0153070988825216
"TR38574|c0_g3_i3" 46.9064359194435 -4.59886089295594 0.820954061924373 -5.60184924620007 2.12076968157012e-08 1.31194393022169e-05
"TR38588|c0_g1_i4" 52.4170841562344 4.17506209729749 0.843376089445721 4.95041553767715 7.40551915452372e-07 0.00027885438470119
"TR38589|c0_g2_i2" 15.539631340179 3.07741736138367 0.866425408730048 3.55185493220283 0.000382525694383409 0.0488499669260379
"TR38589|c0_g2_i3" 197.191340985366 -3.82689450953441 0.834602552146758 -4.58528972825556 4.53357329195587e-06 0.00128541644882369
"TR38590|c0_g1_i2" 66.225933887262 -5.04535091182621 0.805201806931199 -6.26594583916192 3.70569127176302e-10 3.7161062146005e-07
"TR38625|c0_g1_i6" 33.6182845516341 -3.36407303044442 0.86484029669465 -3.88981993935949 0.000100318629574374 0.0164776808338999
"TR38627|c0_g1_i1" 23.4085730930052 -3.45415019490367 0.85960136558226 -4.01831631870892 5.86154756828785e-05 0.0105960541212159
"TR38660|c5_g4_i5" 26.6684681856735 -3.36138279841774 0.863467567928694 -3.89288830671556 9.90577662894083e-05 0.0163835698282866
"TR38699|c1_g1_i7" 54.7418058191932 -4.74445331074641 0.817030080766475 -5.80695059145868 6.36209006898515e-09 4.48960914520006e-06
"TR38699|c1_g1_i8" 97.3205061155026 -5.26706230248075 0.804302994841961 -6.54860461325981 5.80771673301499e-11 7.9040535714877e-08
"TR38699|c1_g1_i9" 72.3050268386769 -4.91915308053055 0.815116332337901 -6.03490923365691 1.59052062416416e-09 1.34014444427548e-06
"TR38752|c0_g1_i3" 49.6309728885679 -4.44440150824797 0.830666366019374 -5.35040503631552 8.77575942423948e-08 4.47080359929958e-05
"TR38762|c0_g1_i10" 107.932002537104 3.68092368411869 0.686300420230583 5.36342915669785 8.16566862383836e-08 4.25092214637819e-05
"TR38771|c0_g1_i2" 24.2764207909294 -3.23997275293727 0.865761573943503 -3.74233836479869 0.000182315800065454 0.0264766453122494
"TR38809|c0_g1_i1" 897.093641703955 -2.75598040831727 0.552883308297626 -4.9847415665399 6.20446854750776e-07 0.000244248390543563
"TR38813|c0_g1_i11" 262.947289955829 6.75394373349604 0.749093606436157 9.01615455727648 1.94807497345267e-19 1.85587258495915e-15
"TR38828|c1_g1_i8" 25.3551929825792 3.14086990059189 0.867833193445107 3.61920922628382 0.000295504648593135 0.0399884110192076
"TR38830|c0_g1_i1" 225.094295766157 4.63997089144722 0.84191803457782 5.51119075834257 3.56414187160466e-08 2.03320421366563e-05
"TR38838|c0_g1_i9" 29.7265428836581 -3.44719119126934 0.849151559770965 -4.05957117030924 4.91629217931276e-05 0.00912983249603486
"TR38866|c1_g1_i10" 23.3419088154913 -3.64617439239284 0.852661942329346 -4.27622509154335 1.90089031912419e-05 0.00417262944774203
"TR38866|c1_g1_i3" 188.126141665723 -6.26733185740352 0.767023283744761 -8.17097993010741 3.05894526618336e-16 1.26702842901518e-12
"TR38866|c1_g1_i4" 132.520373914332 5.93794905782216 0.773670824833565 7.67503293031575 1.65376161208694e-14 4.50139735710532e-11
"TR38866|c1_g1_i7" 61.9727422361828 4.82092479232373 0.815964903799097 5.90825018316071 3.45760644961524e-09 2.57340463777731e-06
"TR38920|c2_g2_i12" 30.9867448457534 -3.3990095388681 0.86354773391425 -3.93609919333726 8.28167531557456e-05 0.0140453918055095
"TR38920|c2_g2_i13" 41.3029687610475 4.46014900397088 0.824848311663444 5.40723541638371 6.40049922867025e-08 3.464524772828e-05
"TR38948|c0_g1_i4" 164.407608352991 3.12891661513287 0.842357801466686 3.71447454951436 0.000203626360977151 0.0289103912536665
"TR38991|c1_g1_i15" 22.7987640843204 3.48194659920671 0.858206657312893 4.05723559650415 4.96569839397971e-05 0.00918577065823816
"TR39001|c0_g1_i2" 87.2304205119674 3.53296635472492 0.865027687637254 4.08422343610169 4.42244624764958e-05 0.00835938862450064
"TR39033|c0_g3_i9" 85.5959146398647 5.06581189567227 0.811427624886897 6.24308532307904 4.29022712544224e-10 4.1284552278738e-07
"TR39055|c2_g2_i19" 21.5321340825075 -3.40327868817437 0.860346247014603 -3.95570818142548 7.63082634947663e-05 0.0131696727144129
"TR39055|c2_g2_i3" 75.1600166462075 -4.31882124418674 0.84291552672023 -5.12367029350047 2.99644764967958e-07 0.00012916858743983
"TR39064|c0_g3_i7" 24.55624439385 -3.72040222386069 0.850412926516145 -4.37481852386925 1.21533542597885e-05 0.00285175763612628
"TR39076|c0_g1_i1" 660.368371659171 7.70422878080068 0.728931865524753 10.5692028914862 4.13998395176163e-26 1.97201925566238e-21
"TR39096|c0_g1_i2" 100.321659036722 5.23681912229259 0.745117172474396 7.02818203062223 2.09241811462163e-12 3.90859601030704e-09
"TR39109|c0_g1_i8" 27.8354919305736 3.90553638409219 0.844194008063027 4.62634933059203 3.72167380395543e-06 0.00107440211600431
"TR39109|c0_g1_i9" 293.289629044932 -3.58618019186632 0.858996268441748 -4.17484955827781 2.98183038498462e-05 0.00609592350399848
"TR39112|c0_g1_i1" 50.9906480291099 4.1744605253111 0.818776054150237 5.09841549975903 3.42508364924136e-07 0.000144379400005432
"TR39125|c1_g1_i1" 29.8477553755801 3.68004625290815 0.854569330775208 4.30631678481822 1.65995293407974e-05 0.00372091143931705
"TR39134|c1_g2_i1" 34.1230209323891 4.17920773908454 0.835124649567129 5.00429216315284 5.60676669125455e-07 0.000227293549947126
"TR39194|c0_g1_i1" 21.5321340825075 -3.40327868817437 0.860346247014603 -3.95570818142548 7.63082634947663e-05 0.0131696727144129
"TR39223|c0_g1_i5" 72.004555261902 5.20745044525162 0.79754433811104 6.52935541813927 6.60533386524557e-11 8.73986585194931e-08
"TR39225|c0_g1_i3" 24.6171441598532 3.35367447305597 0.843128236972506 3.97765645365918 6.95978285352635e-05 0.0123012547886251
"TR39227|c0_g2_i2" 25.3977591060442 -3.69374573812234 0.852097400809979 -4.33488675662098 1.45835177388273e-05 0.00333973073179053
"TR39227|c0_g2_i8" 23.1520819354753 3.64241371336342 0.852465838240232 4.27279727816723 1.93035941720234e-05 0.00422757587583024
"TR39262|c0_g1_i1" 186.608442905207 2.20938054498461 0.586560250984122 3.76667280348053 0.000165437588832497 0.0244732030672445
"TR39293|c0_g1_i3" 189.048318961485 -6.02310954779879 0.78210678524114 -7.7011345016547 1.34863441277208e-14 4.16107722371189e-11
"TR39298|c1_g1_i2" 18.4479427400836 -3.32313259645025 0.861275243193419 -3.85838629719439 0.000114138145688422 0.0182442931632532
"TR39298|c1_g1_i4" 75.9031629389687 -4.22689302358425 0.84633519775221 -4.99434861602176 5.90346765466171e-07 0.000237301963315045
"TR39325|c2_g1_i3" 92.2154246181206 -5.07275294099593 0.81340477439836 -6.23644352806759 4.47630802425929e-10 4.26444436547109e-07
"TR39337|c1_g1_i1" 27.1319111934824 3.7788292939611 0.849333267204341 4.44917141465501 8.62021990903826e-06 0.00216111181598513
"TR39369|c0_g1_i4" 72.0422828819368 -4.13571468475103 0.834965738181691 -4.95315495670205 7.30197802207156e-07 0.000276046642947893
"TR39386|c2_g1_i13" 234.752893784602 -3.36823851012161 0.791082580921753 -4.25775840772149 2.06486918182212e-05 0.00449118475672711
"TR39386|c2_g1_i3" 82.0079883178483 -3.19659979382474 0.783565836063533 -4.07955483343145 4.51220259022875e-05 0.0085121584982836
"TR39400|c0_g1_i3" 88.7168482950331 4.64965643125762 0.832023916970147 5.58836871924254 2.29212559832372e-08 1.38205018592092e-05
"TR39444|c0_g1_i2" 343.331991760333 -3.15801193957974 0.738447437272854 -4.27655616389237 1.89806687505621e-05 0.00417262944774203
"TR39492|c0_g1_i2" 89.7402236592749 5.10980208152157 0.810333304608241 6.30580287452448 2.86703749810292e-10 3.1037961514974e-07
"TR39518|c0_g1_i1" 27.0720201287837 3.73491052335272 0.85114629274472 4.38809468500254 1.14347995238009e-05 0.00270312418420332
"TR39526|c0_g1_i5" 98.1616552490622 -3.7658346095905 0.82264785177538 -4.57769943902892 4.70117503337631e-06 0.00132114112656242
"TR39527|c3_g1_i8" 338.726338548987 -5.82910914827068 0.77606078590072 -7.5111502271117 5.86100862495318e-14 1.46937028598267e-10
"TR39551|c1_g1_i2" 35.3880706590137 3.5247986096376 0.845132640280988 4.17070462272725 3.03659250844029e-05 0.00617695341112645
"TR39554|c1_g1_i6" 225.841447288981 6.45141690172466 0.762318107378502 8.46289342897825 2.60824040282329e-17 1.75762605229501e-13
"TR39576|c1_g3_i16" 32.0451264131652 -4.12581710333194 0.836734240912875 -4.93085725621875 8.18695431730224e-07 0.00030138816752234
"TR39577|c1_g1_i3" 17.4430589573208 -3.13614870266693 0.866010993993754 -3.62137285140464 0.000293043820795643 0.0397683841534737
"TR39606|c0_g2_i13" 65.1412193341204 -4.92946215380407 0.811622710775002 -6.07358824286351 1.25083212543267e-09 1.08330021903268e-06
"TR39608|c0_g3_i2" 32.1805231044288 -2.86371766154161 0.759746148510075 -3.76930856070491 0.000163700411855117 0.0243295587148228
"TR39622|c0_g2_i6" 200.570585092849 4.41261687325288 0.847715004953563 5.20530702826783 1.93676117376982e-07 8.78616317816808e-05
"TR39635|c0_g1_i1" 104.230030401118 5.44364613109877 0.79586338908654 6.83992530093233 7.92344854720036e-12 1.2793952080443e-08
"TR39656|c0_g1_i4" 40.522212620819 3.31374003030431 0.86657326653633 3.82395829443163 0.000131326138619494 0.0203431662566883
"TR39681|c0_g1_i6" 33.6032138074853 4.06919352277579 0.840272277289426 4.84270828963001 1.28081257787949e-06 0.000445325444733013
"TR39698|c1_g1_i3" 115.135676473217 -2.84434641164085 0.682926189945689 -4.16493971605783 3.11434844699351e-05 0.00631265177659
"TR39705|c0_g1_i4" 1604.37990479841 -7.53317397718659 0.763052665897433 -9.87241682502577 5.48273864513936e-23 1.30581015626623e-18
"TR39733|c0_g1_i6" 96.984376115258 -3.19706210744828 0.848429747311514 -3.76821076533333 0.00016442185179444 0.0243607722471242
"TR39738|c0_g3_i1" 135.588709032086 -3.03448258939776 0.85634458734369 -3.54352982928342 0.000394808644959101 0.0499674114673303
"TR39761|c0_g1_i3" 29.5794109282951 -3.16916258770502 0.843676482913847 -3.75637184618389 0.000172394487579094 0.0251894258407938
"TR39774|c0_g1_i5" 19.9017706295788 -3.44268592356239 0.858165118199389 -4.01168242632125 6.02875640932966e-05 0.0108776806221138
"TR39775|c0_g1_i4" 35.1460089889475 -3.24664182537367 0.838138820762655 -3.8736325593646 0.000107225040499558 0.0173429676286442
"TR39792|c4_g1_i9" 24.6229086713639 -3.5407335340255 0.857293767768402 -4.13012862935221 3.62560323163877e-05 0.00707787588255186
"TR39796|c2_g1_i5" 20.8165328657194 -3.32469965623066 0.862459146666454 -3.8549068313336 0.000115773710765871 0.0183517705549621
"TR39796|c2_g1_i7" 22.5795986839916 -3.22302277213794 0.849914412760936 -3.79217333386311 0.000149334619220247 0.0225979659185062
"TR39817|c2_g1_i4" 42.2999762845951 3.80839896845203 0.854110502568188 4.45890661337229 8.23788005721463e-06 0.00209279498509511
"TR39823|c0_g1_i8" 47.2294665307697 -4.60419428405276 0.820783433636639 -5.60951171206391 2.02898266578654e-08 1.26336661190514e-05
"TR39840|c0_g1_i4" 51.628208573223 4.75593927482259 0.814266663969252 5.84076382500928 5.1962025345302e-09 3.75020171861431e-06
"TR39852|c0_g1_i3" 196.828310581291 4.79178295215925 0.836258698642138 5.73002464421575 1.00416044650973e-08 6.68974498305195e-06
"TR39880|c0_g1_i1" 17.4298924644559 -3.24336959354387 0.863130482566906 -3.75768167044483 0.000171494853512671 0.0250964672958396
"TR39930|c3_g2_i11" 57.0371484208826 -4.9122970791523 0.808331682575847 -6.07708096198662 1.2238997793062e-09 1.06969963555196e-06
"TR39955|c0_g1_i4" 257.207516896651 -4.02058062682606 0.858061477471156 -4.68565566965592 2.79065094189559e-06 0.00082821477657809
"TR39993|c3_g2_i11" 197.540407606067 3.0634625033249 0.660569431536459 4.63760864047161 3.5246335741035e-06 0.00103000388559545
"TR40041|c0_g3_i2" 24.0800334986684 3.69473893674934 0.85093774422063 4.34196151462683 1.4121627344481e-05 0.00325744569546409
"TR40059|c0_g3_i3" 257.510698286063 -2.20638070500392 0.598839665032498 -3.6844264564275 0.000229218194470101 0.0321131319596811
"TR40059|c0_g3_i6" 101.399124028091 -2.53967231326378 0.713862611817227 -3.55764858842898 0.000374189442283422 0.0480174800605454
"TR40116|c0_g1_i9" 37.0283822220059 -3.55691014413932 0.86070694678504 -4.13254494741246 3.58768579368521e-05 0.00703267618327179
"TR40126|c0_g2_i3" 22.7195791688374 3.61997934219462 0.853079006231068 4.24342800110368 2.20131020685258e-05 0.00476618680627783
"TR40149|c3_g1_i3" 169.950303554087 2.40412520958086 0.603645862368078 3.98267487521504 6.81439488976565e-05 0.012097479459442
"TR40150|c0_g1_i4" 58.5857950881253 4.58828663557256 0.826817128861236 5.54933669781606 2.8675545629688e-08 1.67597129171993e-05
"TR40168|c1_g1_i8" 37.3512178493459 3.59512788009814 0.833805339409741 4.31171127141399 1.61995883591944e-05 0.00364843069554463
"TR40173|c2_g2_i1" 21.7284193852384 -3.42712162743568 0.859679528249582 -3.98651068778355 6.70521087035009e-05 0.0119399125978625
"TR40193|c1_g1_i3" 28.7712330144428 -3.82053176635106 0.848872627723506 -4.50071264118494 6.7726013965427e-06 0.0017872726239458
"TR40236|c5_g1_i1" 21.7049621161302 -3.56490601111395 0.854815574213015 -4.17038027693397 3.04091778876033e-05 0.00617695341112645
"TR40290|c0_g1_i5" 23.3653660845996 -3.34030654181409 0.862948088959763 -3.87080820335398 0.00010847511558076 0.0175154217559869
"TR40292|c3_g1_i5" 34.008303280556 4.1210092894861 0.838012640015644 4.91759800831783 8.76125951980829e-07 0.00031979268608183
"TR40294|c3_g1_i7" 61.9714457880744 -4.75134183968074 0.820074258022229 -5.79379463896298 6.88135954483532e-09 4.75048173737555e-06
"TR40362|c0_g1_i1" 437.978771991259 3.65480442355643 0.683596362305742 5.34643632571264 8.97028173687442e-08 4.545594841632e-05
"TR40444|c1_g1_i2" 385.588110744971 7.13627836757903 0.741175543637554 9.62832412488339 6.07115178603693e-22 9.63967362000634e-18
"TR40450|c0_g1_i7" 27.0639006860009 3.55295893456363 0.857798910007849 4.14194853025765 3.4436763361548e-05 0.00682055537456257
"TR40481|c0_g1_i10" 97.6115323641502 5.50298138711067 0.789909383204894 6.96659832648583 3.24695991046774e-12 5.72829869982464e-09
"TR40481|c0_g1_i4" 69.9757426845328 -4.48531924569693 0.766242422503981 -5.85365559771473 4.80883926358247e-09 3.52402838556701e-06
"TR40481|c0_g1_i7" 69.3441313447827 -2.87112781818682 0.66451091772472 -4.32066312471966 1.55561008033025e-05 0.00352853108387672
"TR40485|c0_g2_i1" 91.027422281419 -2.87918125583127 0.707539687169205 -4.0692858761755 4.71574564022247e-05 0.00880892039033478
"TR40526|c0_g1_i3" 109.322630287378 5.57621271456291 0.78949470722007 7.0630146897344 1.62928491012044e-12 3.10434171064888e-09
"TR40544|c0_g1_i5" 42.8664905538503 4.06607723334058 0.844751734260074 4.81333990619397 1.48428513872673e-06 0.000504233171971388
"TR40544|c0_g1_i6" 80.0383342158348 5.32271025057713 0.794041230506973 6.70331721588152 2.03740506578297e-11 3.03277294378042e-08
"TR40544|c0_g1_i8" 80.9682952913735 4.78291900083637 0.82438382209857 5.80181084662829 6.5602542998247e-09 4.59540989986323e-06
"TR40554|c2_g1_i14" 272.683080252047 -2.74806388320371 0.749652544253775 -3.66578344096625 0.000246582529797602 0.0342436995134521
"TR40559|c1_g1_i6" 91.3484087333857 -5.34332104958699 0.797841983956626 -6.6972171896603 2.12425793239607e-11 3.11341046839348e-08
"TR40567|c0_g1_i2" 286.014295947247 -6.55427865930153 0.735411401195025 -8.9123973991306 4.99407641709974e-19 4.32518798207128e-15
"TR40567|c0_g1_i9" 358.933022707018 -5.90331138311154 0.802973700821723 -7.35181161857529 1.95538266724297e-13 4.23371455818717e-10
"TR40573|c0_g2_i1" 26.7105828348459 3.84031699485162 0.846417108182195 4.53714481634151 5.70209526024779e-06 0.00155001059426346
"TR40631|c2_g1_i3" 63.1043112024791 -3.79115686551796 0.716339948142576 -5.29239905626957 1.20722107570815e-07 5.95898084038799e-05
"TR40654|c0_g1_i5" 42.2370302546778 3.7759026278071 0.855153071076604 4.41546987962446 1.00790814097852e-05 0.00243706560575129
"TR40685|c0_g1_i3" 57.8253709719327 -4.60297385177445 0.795492041127235 -5.78632294705539 7.19438396038177e-09 4.93084443707691e-06
"TR40721|c0_g1_i3" 24.6060346486881 -3.73617753652358 0.849814404765652 -4.39646294010971 1.10029136436866e-05 0.00263663121152752
"TR40725|c0_g2_i3" 34.5565040568829 -3.50613517981035 0.861562669080992 -4.06950684568339 4.71127554275805e-05 0.00880892039033478
"TR40732|c2_g2_i8" 82.0688460587526 4.9906492672271 0.814287874974198 6.12885125838972 8.85158276463511e-10 7.95531825696691e-07
"TR40747|c0_g2_i3" 181.244864275178 5.29801539555524 0.816467756233764 6.48894626285568 8.64387875804113e-11 1.05573897133629e-07
"TR40758|c1_g1_i2" 20.5925980719979 3.45443121994989 0.857944547730131 4.0264038382076 5.66363858372256e-05 0.010315272103368
"TR40769|c1_g2_i1" 31.4233542728101 -3.58900325109507 0.858322136724789 -4.18141755587255 2.89697294364424e-05 0.00597372124290381
"TR40775|c2_g1_i3" 216.264323059102 4.44538398156163 0.847190636142974 5.24720622716068 1.54423009620662e-07 7.28287963244138e-05
"TR40810|c2_g1_i5" 142.387707178648 5.81719649969768 0.784133728540453 7.41862808340806 1.18339701667263e-13 2.8184670896838e-10
"TR40820|c0_g1_i1" 26.2506667746408 3.8343420968347 0.84635714088594 4.53040674155715 5.88702371792114e-06 0.00158877928763511
"TR40821|c1_g2_i5" 68.5850650498438 -5.13967885582532 0.800465545161415 -6.4208620681967 1.35504766805816e-10 1.57428446576703e-07
"TR40829|c2_g1_i8" 32.396064831056 4.01404971046956 0.842137149402987 4.76650354792592 1.87450430700305e-06 0.000597252179984144
"TR40830|c0_g1_i3" 67.4131046667016 -4.46483914220967 0.835653316693994 -5.34293235366245 9.14549000050434e-08 4.60985923744998e-05
"TR40846|c1_g1_i1" 20.8731119904948 -3.07284707102683 0.855262657904204 -3.5928694449922 0.000327056473574878 0.0433951101226433
"TR40857|c0_g1_i3" 30.395013220939 -4.04124355615312 0.839786667085776 -4.81222638384702 1.49258142374517e-06 0.000504233171971388
"TR40871|c1_g1_i4" 594.552564461531 -2.86314892083396 0.570082146316715 -5.02234448023444 5.10445254275482e-07 0.000209605982926993
"TR40885|c1_g1_i2" 18.8077604183119 3.08377706865553 0.867468700075445 3.55491450975387 0.000378102005996633 0.0484148438243028
"TR40887|c2_g3_i5" 24.1439240490907 -3.24629905894737 0.865530797727852 -3.75064534672757 0.000176380027723534 0.0256929603992934
"TR40898|c1_g2_i3" 61.6286654374507 -4.85123181852241 0.814390420053595 -5.95688713799354 2.57087653567071e-09 2.00753848298149e-06
"TR41570|c0_g1_i1" 42.3785081681167 4.06343267955458 0.792789155154402 5.12548973852094 2.96765330123844e-07 0.000128508830476856
"TR41585|c0_g1_i1" 136.510286912272 -5.5034321903241 0.777822375109587 -7.07543568613428 1.48979943371401e-12 2.89650454391086e-09
"TR44362|c0_g2_i1" 43.3649943156241 3.26081134055786 0.867741723840911 3.75781324208364 0.000171404729877805 0.0250964672958396
"TR45097|c0_g1_i1" 46.7701826845275 3.53357435506885 0.834644703210244 4.23362700497335 2.29952220052528e-05 0.00492705256474309
"TR45253|c0_g1_i1" 72.4867347126601 -3.12041575832353 0.780994905554932 -3.99543676422106 6.45750923025472e-05 0.0115203657647692
"TR4551|c0_g1_i1" 23.1757680340202 3.4040496677677 0.84492609711802 4.02881350141587 5.60590673532407e-05 0.0102309945776651
"TR46335|c0_g1_i1" 38.7739723541983 3.44834130056505 0.851199038061205 4.05115742191088 5.09649030910276e-05 0.00939124453147568
"TR4714|c0_g2_i1" 22.2872347778904 -3.60006492161492 0.853810859155067 -4.21646654292679 2.48160085517754e-05 0.00524201039180042
"TR47387|c0_g1_i1" 26.3826879627549 3.44932445790687 0.839754377043534 4.10753971899578 3.99896025197434e-05 0.00774327126676502
"TR47819|c0_g1_i1" 261.385547924787 2.12531308701153 0.570796620480574 3.72341568039095 0.000196545522301495 0.0280303926243961
"TR49286|c0_g1_i1" 36.2169080253523 -4.15547926460374 0.838009148242171 -4.95875167153054 7.09475860640771e-07 0.000270853953396771
"TR49399|c0_g1_i1" 31.3595778283195 -3.06337898337165 0.82308699624332 -3.72181676706512 0.000197794535437803 0.0281663557661482
"TR4956|c0_g1_i1" 61.318434597666 -2.4203612219021 0.673917297446871 -3.59148107797739 0.000328804052877654 0.0435663083525668
"TR51764|c0_g1_i1" 442.983469556544 6.90744143781561 0.710988925166844 9.71525883640829 2.59588641753247e-22 4.94604622678132e-18
"TR52321|c0_g1_i1" 29.0535224855913 -3.0466107095898 0.853385164271138 -3.57003008388582 0.000356940232818207 0.0465179550750919
"TR53980|c0_g1_i1" 23.4008110899258 3.11618634679799 0.867929965474581 3.59036612486824 0.000330213800555186 0.0436923307465152
"TR55314|c0_g1_i1" 275.723712778375 -2.61323635959736 0.604544873403727 -4.32265076516857 1.54165664304326e-05 0.00350702508544404
"TR56193|c0_g1_i1" 20.879914928017 3.32303606469287 0.862305612719401 3.85366396284168 0.000116363275274863 0.0184145849594857
"TR56398|c0_g1_i1" 30.8742141845028 -3.72567999858004 0.834315561313447 -4.46555256947956 7.98623587579054e-06 0.00204778746817808
"TR56480|c0_g2_i1" 31.2569263621083 3.87700598205529 0.847518660841066 4.57453760157659 4.7727288957935e-06 0.00133549356318115
"TR56628|c0_g1_i1" 26.0833198072916 -3.80295325542301 0.847892579594299 -4.48518284856632 7.285143348216e-06 0.00189626708020353
"TR58197|c0_g2_i1" 46.675730120017 3.93733149577776 0.850752789611742 4.62805593335126 3.69114336185389e-06 0.00106882721779251
"TR6441|c0_g1_i1" 28.7245240997311 -3.62527409799892 0.833993708283993 -4.34688422944845 1.38085055048944e-05 0.00319294877168635
"TR7149|c0_g1_i1" 102.052315210585 -4.00836557489321 0.855154639494963 -4.68729910330659 2.7683422993834e-06 0.000824161455735494
"TR7485|c0_g1_i1" 188.513367941172 4.93698981681035 0.708266972998058 6.97052101118358 3.15769355855256e-12 5.67592438193636e-09
"TR797|c0_g1_i1" 2440.23443304028 2.95708863526517 0.7706249714187 3.83726033406529 0.000124414558698296 0.0195265267932628
"TR8485|c0_g1_i1" 23.2452040224367 -3.51352836743979 0.857624370915264 -4.09681497703957 4.18873424865529e-05 0.00806157870033624
"TR8651|c0_g1_i1" 18.6818683584774 3.13428435535118 0.866339508126079 3.61784765204895 0.000297063161939782 0.0401422925510883
"TR8848|c0_g1_i1" 38.243096256247 2.835584163224 0.78773290050297 3.599677202023 0.000318612451340885 0.0424521012613875
"TR8937|c0_g2_i1" 96.2559043389883 -2.96763891555809 0.832781704506758 -3.56352559079785 0.000365907004432866 0.0472983210194109
"TR9277|c0_g1_i1" 81.2965825843761 5.09740287701663 0.781031950108487 6.52649725316433 6.73255509208342e-11 8.78616884873303e-08
"TR9277|c0_g1_i2" 60.8061904736678 4.98318447790405 0.805733683482292 6.18465453295595 6.22386179139925e-10 5.75658875030322e-07
"TR9402|c0_g1_i1" 36.2806965862446 -3.88278654133172 0.849781594895235 -4.5691581985962 4.89687063721881e-06 0.00136008797374905
"TR9701|c0_g1_i1" 43.7132051042892 -4.0259176019854 0.846853400523196 -4.75397229260477 1.9945838451802e-06 0.000623009898946826
"TR9801|c0_g1_i1" 25.7359241273013 3.73825807996503 0.850174320752922 4.39704892127816 1.09732619132788e-05 0.00263663121152752
"TR9844|c0_g1_i1" 31.5229347824863 -4.02890964861692 0.841132439256651 -4.7898635941059 1.66894727290628e-06 0.000553991637100916
